COAST
1
22 1
-60548.5946 6787736.9794
-60503.3080 6787647.8256
-60479.5356 6787550.6937
-60469.8602 6787451.3893
-60505.5307 6787357.9676
-60541.2012 6787264.5459
-60577.4113 6787171.4275
-60639.9291 6787095.7084
-60737.9587 6787115.3299
-60832.8832 6787146.7835
-60927.7460 6787178.4229
-61022.1416 6787210.9730
-61089.2273 6787276.8404
-61088.6979 6787376.7249
-61066.4266 6787470.5438
-60986.1641 6787524.3992
-60888.4426 6787545.6240
-60790.7210 6787566.8488
-60692.9994 6787588.0736
-60609.5828 6787629.7934
-60559.4654 6787716.2277
-60548.5946 6787736.9794
