COAST
1
43 1
-55091.4823 6742744.5866
-55187.1239 6742773.7663
-55269.1308 6742830.9928
-55351.1531 6742888.1893
-55445.1981 6742922.0439
-55528.8869 6742976.1018
-55586.6666 6743057.3064
-55613.1982 6743153.0533
-55600.4366 6743252.2006
-55580.4179 6743350.1691
-55563.8218 6743448.7823
-55551.4905 6743547.2340
-55577.3337 6743643.7215
-55613.9065 6743736.7902
-55648.6395 6743830.5645
-55667.2706 6743919.8856
-55589.1959 6743982.3693
-55510.9029 6744044.5695
-55440.0062 6744113.0929
-55393.7229 6744199.9883
-55313.8879 6744256.8658
-55218.0963 6744266.0794
-55142.9585 6744211.7115
-55116.8009 6744115.2071
-55087.6405 6744019.5542
-55094.5798 6743948.8207
-55194.2128 6743940.2617
-55293.4156 6743928.6488
-55365.9999 6743882.2128
-55391.2200 6743785.4453
-55401.7991 6743688.0302
-55367.7671 6743596.3752
-55312.4073 6743513.0993
-55257.1189 6743429.7765
-55201.1734 6743346.8904
-55152.5634 6743259.9998
-55123.3424 6743165.0630
-55108.2544 6743066.2367
-55094.9915 6742967.1232
-55046.7511 6742891.1251
-55018.3681 6742815.0901
-55082.0559 6742749.6033
-55091.4823 6742744.5866
