COAST
1
98 1
-54925.8552 6740611.7000
-54830.0877 6740605.9883
-54768.3516 6740527.3203
-54705.0876 6740450.1106
-54634.8048 6740381.0563
-54598.9504 6740287.9159
-54548.3117 6740201.6854
-54499.2695 6740114.6601
-54463.4015 6740021.6561
-54435.9565 6739929.4166
-54349.2032 6739884.2082
-54251.0502 6739865.0773
-54168.9395 6739882.2270
-54133.7249 6739974.4143
-54097.3971 6740066.5194
-54020.1124 6740106.3470
-53923.9693 6740128.7740
-53830.4263 6740164.1230
-53732.1728 6740180.4665
-53632.4675 6740187.8114
-53559.9097 6740126.3015
-53523.2727 6740033.9230
-53492.3455 6739938.8297
-53438.4006 6739854.9835
-53381.7552 6739772.5744
-53300.7511 6739714.8412
-53202.0660 6739698.7248
-53103.3678 6739682.6414
-53018.6493 6739630.3218
-53017.0947 6739531.6203
-53092.0838 6739465.4951
-53173.5279 6739407.4705
-53253.6271 6739348.2920
-53286.8613 6739258.2847
-53246.3163 6739167.9954
-53181.7383 6739091.6430
-53122.8036 6739011.8799
-53093.4231 6738917.3808
-53088.7981 6738817.4957
-53086.3097 6738717.5267
-53083.8198 6738617.5577
-53083.9557 6738517.6586
-53111.7410 6738430.2793
-53201.8372 6738398.7314
-53296.2687 6738387.3485
-53380.0769 6738332.8370
-53462.2992 6738275.9204
-53546.6701 6738222.5214
-53607.9828 6738242.3955
-53635.6272 6738338.4205
-53590.1198 6738389.8769
-53503.6202 6738433.3298
-53425.8038 6738496.1360
-53359.4368 6738569.7454
-53326.2468 6738661.8488
-53310.5599 6738760.5752
-53328.6569 6738855.9784
-53394.9120 6738927.7087
-53470.9528 6738992.6524
-53534.4409 6739069.2920
-53546.5033 6739164.7553
-53535.5766 6739264.0404
-53568.2090 6739350.8515
-53611.0035 6739260.4710
-53653.8743 6739170.1283
-53700.1331 6739081.4934
-53757.5440 6738999.7440
-53835.4630 6738944.9698
-53923.1856 6738991.2955
-53973.1595 6739063.3543
-53984.0386 6739162.5584
-54012.5266 6739257.6987
-54050.5126 6739350.1839
-54090.0180 6739442.0490
-54167.0402 6739422.9285
-54254.1573 6739373.8306
-54345.1928 6739332.7064
-54439.8377 6739300.6414
-54535.1504 6739270.3843
-54570.9134 6739186.4864
-54655.9996 6739183.7197
-54725.7065 6739253.2223
-54792.9212 6739327.2641
-54886.5710 6739358.4900
-54954.3850 6739426.9081
-54960.1147 6739526.1214
-54943.3946 6739624.4634
-54942.6461 6739724.4603
-54942.9446 6739824.4528
-54955.4740 6739921.2137
-55002.5562 6740006.3010
-54992.8731 6740103.2790
-54937.1981 6740185.7432
-54869.1066 6740258.6907
-54845.2078 6740341.1561
-54896.7590 6740426.8444
-54933.9446 6740516.9905
-54925.8552 6740611.7000
