COAST
1
51 1
-52732.9068 6739955.6862
-52829.0669 6739937.4292
-52882.4893 6740021.9634
-52936.1723 6740106.3148
-53000.5989 6740179.0433
-53100.5908 6740179.6320
-53199.3372 6740187.9791
-53281.8432 6740242.5871
-53338.7333 6740324.8277
-53395.0254 6740407.4580
-53446.9102 6740492.9371
-53502.4037 6740572.0007
-53599.7507 6740589.2788
-53699.4586 6740581.6412
-53782.9594 6740551.6168
-53826.4666 6740461.7638
-53899.6158 6740402.2202
-53979.8159 6740428.9511
-54038.1324 6740509.6309
-54101.4016 6740586.8273
-54187.2731 6740635.0958
-54278.4097 6740676.2556
-54367.5806 6740721.4575
-54410.7364 6740802.7595
-54349.7250 6740881.8903
-54277.6795 6740951.2113
-54200.9590 6741015.3515
-54124.2312 6741079.4830
-54045.6490 6741138.1766
-53946.3344 6741128.9747
-53848.6562 6741107.7997
-53749.7413 6741098.8166
-53651.9237 6741117.1523
-53556.6291 6741141.0582
-53461.6259 6741119.3670
-53384.4350 6741057.5531
-53316.6529 6740984.8053
-53235.2303 6740927.1697
-53147.2778 6740879.7158
-53055.8171 6740839.5205
-52962.0326 6740804.8151
-52876.2791 6740757.5304
-52820.2466 6740677.7152
-52791.7931 6740581.9827
-52769.2748 6740484.5511
-52752.0855 6740386.2592
-52743.6643 6740286.6199
-52735.2650 6740186.9849
-52715.4894 6740089.6674
-52714.4684 6739996.7645
-52732.9068 6739955.6862
