COAST
1
26 1
-52088.2944 6742516.4046
-52108.0462 6742614.4345
-52124.2866 6742713.1069
-52140.2521 6742811.8241
-52144.1924 6742911.7443
-52123.8421 6743009.3214
-52043.9295 6743069.4088
-51973.3269 6743140.2274
-51902.6247 6743210.9378
-51827.4226 6743267.9846
-51775.9350 6743182.3763
-51708.8605 6743108.2074
-51642.0740 6743033.7967
-51581.6560 6742954.2634
-51537.5929 6742864.4976
-51492.0637 6742775.5952
-51467.6718 6742679.3247
-51488.5591 6742583.9316
-51562.9157 6742555.2580
-51643.6471 6742602.9263
-51740.9632 6742589.4149
-51837.5217 6742563.4061
-51902.3204 6742495.8392
-51990.1333 6742469.2385
-52077.9331 6742509.9086
-52088.2944 6742516.4046
