COAST
1
23 1
-53759.7694 6735511.0560
-53844.2943 6735561.8538
-53855.1997 6735661.2249
-53849.9884 6735760.3946
-53797.4196 6735845.3804
-53731.2474 6735920.0442
-53648.0388 6735975.5089
-53567.4410 6736033.2510
-53534.4480 6736125.2093
-53542.0582 6736224.9108
-53533.8239 6736320.7734
-53461.1349 6736370.3192
-53405.7799 6736319.8284
-53412.0189 6736220.1303
-53422.8253 6736120.7159
-53451.6268 6736026.8368
-53513.4652 6735950.0295
-53586.4686 6735881.6909
-53628.2541 6735796.1955
-53647.5570 6735698.0814
-53680.7297 6735604.5041
-53741.6827 6735527.5332
-53759.7694 6735511.0560
