COAST
1
1487 1
-55936.8619 6694796.2240
-55951.1028 6694895.2048
-55965.2087 6694994.1738
-55934.0160 6695089.1844
-55902.4800 6695183.9966
-55835.7484 6695258.4741
-55768.8257 6695332.7333
-55686.1813 6695389.0352
-55603.3691 6695445.0152
-55509.8789 6695480.5057
-55416.3421 6695515.8537
-55319.9251 6695542.3823
-55223.4420 6695568.4882
-55123.5299 6695572.6800
-55023.6827 6695576.1854
-54926.3270 6695553.3409
-54828.9468 6695530.6130
-54730.6339 6695512.3218
-54632.3209 6695494.0306
-54534.0080 6695475.7395
-54435.6951 6695457.4483
-54337.3821 6695439.1571
-54239.0942 6695420.7472
-54141.7579 6695397.8203
-54044.4829 6695374.6756
-53949.4824 6695343.4522
-53854.5075 6695312.1544
-53760.4284 6695278.2558
-53666.3512 6695244.3517
-53572.3430 6695210.2568
-53478.3348 6695176.1620
-53384.3266 6695142.0671
-53290.2745 6695108.1035
-53194.6857 6695078.7305
-53099.0869 6695049.3904
-53003.1499 6695021.1754
-52907.2128 6694992.9604
-52811.2758 6694964.7455
-52715.3349 6694936.5438
-52619.2613 6694908.7974
-52523.3077 6694880.7158
-52431.4615 6694841.1648
-52339.7023 6694801.4288
-52250.6363 6694755.9619
-52161.6381 6694710.3692
-52074.7178 6694660.9236
-51987.8086 6694611.4588
-51901.2349 6694561.4089
-51814.6612 6694511.3590
-51728.0875 6694461.3091
-51641.3154 6694411.6667
-51548.5188 6694374.4000
-51455.6987 6694337.1938
-51362.2185 6694301.6769
-51268.8282 6694265.9455
-51177.9493 6694224.2197
-51087.2824 6694182.1006
-51002.4480 6694129.1561
-50918.0712 6694075.6218
-50845.7128 6694006.5982
-50774.2707 6693936.8548
-50724.3451 6693850.2093
-50678.2657 6693763.1148
-50706.8869 6693667.2981
-50737.4344 6693572.2500
-50782.6249 6693483.0434
-50827.9234 6693393.8922
-50874.0345 6693305.1579
-50907.4607 6693217.6351
-50845.3877 6693139.2326
-50781.6952 6693062.2384
-50712.6745 6692989.8772
-50643.6539 6692917.5160
-50574.6332 6692845.1547
-50500.8124 6692779.3162
-50411.2000 6692734.9356
-50319.4320 6692731.3358
-50225.6401 6692766.0213
-50132.5868 6692802.5898
-50040.2271 6692840.9260
-49952.4547 6692887.9349
-49868.7895 6692942.7084
-49782.7856 6692928.8573
-49695.5854 6692879.9069
-49600.7006 6692853.1887
-49501.8853 6692837.8415
-49406.7652 6692863.0947
-49312.3444 6692896.0294
-49224.8997 6692944.0045
-49138.7705 6692994.8155
-49069.4560 6693066.3838
-49001.8730 6693140.0895
-48954.4713 6693227.7877
-48909.1477 6693316.9268
-48838.6932 6693387.2639
-48765.9718 6693455.9050
-48667.8898 6693462.5356
-48567.9096 6693464.5248
-48467.9751 6693461.0300
-48368.0420 6693457.3735
-48268.6297 6693446.6168
-48169.2328 6693435.6506
-48070.3333 6693420.8694
-47971.4468 6693405.9874
-47872.5604 6693391.1053
-47773.6740 6693376.2233
-47678.1680 6693404.9968
-47582.7586 6693434.9472
-47487.6010 6693465.6886
-47392.3570 6693490.9526
-47296.2773 6693463.2276
-47200.1975 6693435.5025
-47104.1177 6693407.7774
-47013.3345 6693391.2547
-46973.7899 6693483.1037
-46943.2493 6693576.5669
-46948.4229 6693676.4329
-46932.8226 6693765.3121
-46847.3652 6693817.2451
-46757.9210 6693846.5636
-46659.8564 6693826.9847
-46563.3890 6693801.9745
-46470.3371 6693765.3504
-46383.6584 6693718.4394
-46309.4350 6693651.4254
-46238.7461 6693581.0189
-46174.8339 6693504.1084
-46110.9217 6693427.1979
-46047.0094 6693350.2874
-45980.6713 6693275.5979
-45937.2231 6693255.8330
-45957.7221 6693353.7095
-45968.0439 6693452.3057
-45961.5265 6693552.0931
-45955.0091 6693651.8805
-45948.4918 6693751.6679
-45926.5737 6693847.0347
-45879.1734 6693935.0870
-45805.5241 6693954.4784
-45711.4726 6693920.5030
-45617.4212 6693886.5275
-45523.3698 6693852.5521
-45426.3013 6693831.6082
-45326.8879 6693820.7931
-45271.2708 6693894.3414
-45222.9119 6693981.8710
-45174.5530 6694069.4005
-45126.1941 6694156.9300
-45077.8352 6694244.4595
-45029.4763 6694331.9890
-44989.1288 6694423.4162
-44950.1090 6694515.4893
-44889.9576 6694594.7505
-44826.3642 6694671.9248
-44759.5034 6694746.2685
-44692.1770 6694820.2086
-44625.2694 6694894.5277
-44558.4215 6694968.9008
-44491.6350 6695043.3291
-44424.8573 6695117.7652
-44451.9316 6695207.0956
-44494.1490 6695297.5579
-44551.1166 6695379.7448
-44608.0842 6695461.9318
-44665.0519 6695544.1187
-44714.0434 6695628.0432
-44696.4250 6695726.4789
-44677.5300 6695824.6350
-44652.3850 6695921.4220
-44627.6377 6696018.3073
-44604.8377 6696115.6734
-44612.2489 6696176.4003
-44703.4868 6696135.4655
-44796.4228 6696099.6632
-44894.0707 6696078.1020
-44983.6530 6696083.5231
-45053.4490 6696155.1368
-45072.8150 6696244.4392
-45063.0459 6696343.9609
-45049.0039 6696442.9229
-45032.8139 6696541.6036
-45016.6240 6696640.2844
-45000.4340 6696738.9651
-45052.4703 6696738.3939
-45138.8032 6696687.9298
-45225.8165 6696638.6548
-45313.0701 6696589.7998
-45407.4582 6696596.7577
-45498.9818 6696628.3969
-45542.0134 6696718.6647
-45585.0450 6696808.9325
-45628.0766 6696899.2004
-45671.1082 6696989.4682
-45714.1397 6697079.7360
-45760.1915 6697167.7552
-45834.3333 6697234.8595
-45893.3455 6697310.4897
-45912.3438 6697408.6684
-45895.2144 6697505.5819
-45869.3941 6697602.1909
-45858.6973 6697701.3336
-45851.6220 6697801.0830
-45830.6390 6697898.6364
-45806.6360 6697995.7129
-45773.9639 6698090.1478
-45739.7524 6698184.1137
-45705.5410 6698278.0795
-45671.3295 6698372.0453
-45625.3933 6698460.7045
-45577.3749 6698548.4213
-45528.7740 6698635.8162
-45480.0706 6698723.1545
-45431.3673 6698810.4929
-45382.6639 6698897.8312
-45366.8223 6698995.5054
-45356.7623 6699094.9981
-45348.3691 6699194.6429
-45340.2508 6699294.3129
-45332.3564 6699394.0007
-45324.4989 6699493.6915
-45329.2573 6699593.4472
-45336.0890 6699693.2136
-45280.1138 6699771.9682
-45214.6236 6699847.5395
-45136.2854 6699909.2794
-45056.0970 6699969.0274
-44975.9087 6700028.7754
-44895.7203 6700088.5234
-44820.9758 6700154.8763
-44747.0152 6700222.1803
-44697.0219 6700308.2381
-44649.4802 6700396.2142
-44598.7922 6700482.4080
-44547.7823 6700568.4196
-44484.6638 6700645.8464
-44420.3829 6700722.4490
-44349.2271 6700792.6540
-44277.4387 6700862.2702
-44205.6502 6700931.8864
-44133.8617 6701001.5026
-44062.0732 6701071.1187
-43990.2847 6701140.7349
-43947.6306 6701230.5402
-43907.6580 6701322.2037
-43880.0641 6701418.2921
-43852.8705 6701514.5237
-43797.2547 6701597.4394
-43740.6800 6701679.8939
-43675.4225 6701755.6664
-43610.2455 6701831.4943
-43562.7071 6701919.4721
-43520.0952 6702007.5679
-43563.3660 6702097.7213
-43620.0847 6702177.0200
-43699.0781 6702238.3393
-43778.0714 6702299.6585
-43857.0648 6702360.9778
-43936.0581 6702422.2970
-44015.0515 6702483.6163
-44093.4864 6702498.0660
-44170.9963 6702434.8820
-44242.1327 6702364.9964
-44309.1255 6702290.7537
-44376.1182 6702216.5110
-44443.1109 6702142.2684
-44505.1886 6702064.0360
-44564.0708 6701983.2097
-44624.8116 6701903.7899
-44691.2963 6701848.5569
-44778.6527 6701897.2278
-44866.0092 6701945.8987
-44953.3656 6701994.5696
-45041.4214 6702041.8498
-45132.5831 6702082.9537
-45220.7906 6702095.9481
-45301.4147 6702036.7894
-45382.0388 6701977.6307
-45462.6629 6701918.4720
-45543.2870 6701859.3133
-45623.9112 6701800.1546
-45703.3318 6701739.4696
-45779.6635 6701674.8672
-45858.9144 6701614.3920
-45945.2531 6701563.9378
-46022.1534 6701572.7697
-46088.5560 6701647.5407
-46115.0851 6701742.6044
-46136.4530 6701840.2948
-46157.8210 6701937.9852
-46179.1889 6702035.6756
-46200.5568 6702133.3659
-46221.9248 6702231.0563
-46280.6089 6702310.6396
-46344.1231 6702387.8791
-46408.3915 6702464.4915
-46472.7524 6702541.0269
-46537.1134 6702617.5623
-46601.4743 6702694.0977
-46617.4904 6702791.0790
-46627.5736 6702890.5693
-46609.6834 6702988.9495
-46591.8105 6703087.3114
-46656.4277 6703084.8923
-46722.0113 6703009.4020
-46791.3239 6702937.4851
-46863.9547 6702868.7482
-46938.5339 6702802.1874
-47014.8470 6702737.5629
-47091.0237 6702751.9729
-47167.1134 6702816.8602
-47186.5939 6702906.9442
-47183.8792 6703006.9074
-47161.4909 6703103.5953
-47131.6733 6703199.0464
-47074.0579 6703278.8173
-47007.7895 6703353.7071
-46941.5211 6703428.5970
-46875.2526 6703503.4869
-46922.3346 6703564.5114
-46997.1072 6703628.6671
-47052.2049 6703712.1191
-47103.0935 6703797.8772
-47143.7659 6703889.2323
-47178.1582 6703982.5699
-47197.3079 6704080.7192
-47208.5103 6704179.4785
-47204.5624 6704279.4005
-47195.9290 6704378.8144
-47178.3634 6704477.2596
-47158.0350 6704575.0973
-47132.6868 6704671.8313
-47107.3386 6704768.5653
-47081.9903 6704865.2993
-47053.7157 6704961.1299
-47020.1240 6705055.3191
-46984.4698 6705148.7001
-46945.1375 6705240.6402
-46905.5810 6705332.4834
-46865.6248 6705424.1540
-46836.9186 6705518.6832
-46828.2680 6705618.3083
-46826.8869 6705717.9270
-46835.7124 6705817.5368
-46862.1793 6705911.4343
-46913.4151 6705997.3115
-46995.3978 6706045.9126
-47089.4530 6706079.8777
-47183.5081 6706113.8428
-47277.5633 6706147.8080
-47351.5633 6706211.2502
-47417.6891 6706286.2661
-47389.3221 6706374.3145
-47344.6506 6706463.6247
-47284.4434 6706543.4689
-47235.8666 6706625.1811
-47268.0416 6706719.8636
-47290.4529 6706814.6522
-47260.3449 6706910.0121
-47229.6114 6707005.1599
-47195.5179 6707099.1686
-47163.1153 6707193.6849
-47175.4863 6707217.4549
-47237.5078 6707139.0117
-47317.1701 6707088.4762
-47414.6357 6707066.1054
-47512.4164 6707069.4266
-47610.4012 6707089.4009
-47703.7569 6707071.2589
-47794.1120 6707028.4109
-47874.7646 6706970.1760
-47952.3721 6706907.1120
-48029.9797 6706844.0479
-48107.5872 6706780.9839
-48178.1235 6706710.3376
-48246.4405 6706637.3117
-48320.0207 6706569.6953
-48395.6956 6706509.7191
-48484.7855 6706555.1392
-48561.6698 6706614.4846
-48618.3735 6706696.8538
-48691.4422 6706752.0699
-48790.7597 6706763.7329
-48890.5071 6706762.9318
-48990.3922 6706758.1388
-49090.3392 6706759.1808
-49190.3036 6706761.8498
-49290.2680 6706764.5188
-49390.2324 6706767.1878
-49489.8645 6706760.2738
-49589.4040 6706750.6877
-49681.1554 6706713.2154
-49771.2580 6706669.8387
-49807.0664 6706582.2090
-49824.9175 6706484.8896
-49810.3039 6706385.9632
-49795.6903 6706287.0367
-49781.0766 6706188.1103
-49766.4630 6706089.1838
-49751.8494 6705990.2574
-49752.8729 6705897.7019
-49832.4602 6705837.1556
-49919.1020 6705792.6494
-50017.5160 6705774.9100
-50115.9591 6705757.3341
-50214.4505 6705740.0296
-50313.2334 6705724.6864
-50412.5001 6705712.5983
-50511.4260 6705712.2360
-50609.8230 6705730.0692
-50708.2201 6705747.9024
-50806.6171 6705765.7356
-50905.0142 6705783.5688
-51003.4112 6705801.4020
-51099.8216 6705798.1714
-51193.1492 6705762.2555
-51285.0727 6705762.8715
-51375.3679 6705805.8456
-51462.3340 6705854.9384
-51547.4621 6705907.4094
-51634.1551 6705957.1998
-51721.6982 6706005.5341
-51810.4320 6706051.6077
-51899.8125 6706096.4533
-51975.2017 6706159.8938
-52043.0523 6706233.3532
-52050.0319 6706329.0809
-52045.6014 6706428.9827
-52006.3578 6706520.4024
-51964.3381 6706611.1457
-51914.0959 6706697.5747
-51863.3069 6706783.7169
-51812.5179 6706869.8591
-51761.7289 6706956.0013
-51787.2544 6707050.6397
-51822.8999 6707143.3442
-51880.0759 6707225.3862
-51936.2874 6707308.0579
-51988.3832 6707393.4162
-52033.9376 6707481.3383
-52053.7182 6707579.3624
-52059.7365 6707676.5468
-52028.1852 6707771.4389
-51992.5839 6707864.6164
-51946.4073 6707953.3166
-51897.6995 6708040.5234
-51842.3903 6708123.8354
-51779.4715 6708199.8187
-51698.2972 6708258.2202
-51611.5241 6708304.5014
-51514.4333 6708328.4467
-51417.3426 6708352.3920
-51320.2518 6708376.3373
-51223.5426 6708401.7017
-51127.5367 6708429.6815
-51032.4756 6708460.4637
-50939.1268 6708496.3246
-50844.3800 6708527.6709
-50747.1015 6708550.8419
-50648.7851 6708564.2293
-50548.8103 6708561.9840
-50448.8355 6708559.7388
-50348.8607 6708557.4936
-50251.0559 6708568.8818
-50156.7184 6708602.0546
-50070.3881 6708650.3641
-49989.8813 6708709.6824
-49896.8829 6708738.0090
-49797.7434 6708751.0996
-49698.4382 6708747.3070
-49599.0609 6708736.1649
-49500.3655 6708720.3631
-49401.9626 6708702.5619
-49303.5598 6708684.7607
-49205.1570 6708666.9596
-49112.3709 6708631.6626
-49021.9948 6708588.8588
-48980.5321 6708504.3102
-48952.4640 6708408.3301
-48945.8931 6708308.7491
-48941.1521 6708208.8615
-48935.0290 6708109.0500
-48928.7889 6708009.2449
-48922.5488 6707909.4398
-48916.3087 6707809.6346
-48851.5815 6707735.7144
-48778.9505 6707667.9853
-48689.8948 6707622.4982
-48600.8391 6707577.0111
-48511.7833 6707531.5240
-48421.1201 6707494.3325
-48321.5196 6707503.2622
-48223.1410 6707518.2067
-48127.9509 6707548.8475
-48032.7609 6707579.4884
-47937.5709 6707610.1292
-47842.3809 6707640.7701
-47747.1909 6707671.4109
-47668.8511 6707719.5795
-47634.4834 6707813.4883
-47611.6863 6707910.1226
-47600.5255 6708009.4978
-47594.4306 6708109.1821
-47593.4306 6708209.1771
-47650.6207 6708273.9495
-47739.6787 6708319.4323
-47699.9018 6708404.5467
-47651.8049 6708492.2205
-47572.6102 6708552.6462
-47491.9516 6708611.6990
-47393.8276 6708630.9779
-47296.1181 6708647.9157
-47210.5779 6708596.1192
-47126.9997 6708541.7153
-47053.5394 6708473.8657
-46981.7516 6708404.4442
-46918.5885 6708326.9173
-46863.6310 6708245.7995
-46849.5434 6708146.7968
-46834.2222 6708048.0066
-46814.3772 6707949.9955
-46793.9990 6707852.0993
-46771.7085 6707754.6152
-46732.5228 6707679.8287
-46722.6316 6707774.6963
-46717.8517 6707874.5820
-46720.8903 6707974.5184
-46724.3735 6708074.4578
-46724.1045 6708174.4542
-46723.5924 6708274.4075
-46634.2793 6708319.3871
-46548.3924 6708286.3308
-46463.3650 6708233.6967
-46366.7694 6708231.1418
-46317.1539 6708312.8576
-46264.0610 6708394.7565
-46181.3080 6708450.8985
-46105.7916 6708513.9247
-46053.8489 6708599.3762
-46025.9774 6708689.9660
-46038.5008 6708789.1787
-46080.8789 6708877.3514
-46116.9510 6708959.1925
-46048.3245 6709031.9277
-45971.9783 6709093.1696
-45878.6901 6709129.1880
-45783.7034 6709158.9582
-45685.0196 6709175.1295
-45590.4557 6709168.7722
-45503.8823 6709118.7218
-45457.2725 6709040.4310
-45439.0018 6708942.1143
-45391.0299 6708857.0520
-45327.9504 6708780.4966
-45236.1496 6708740.8404
-45144.3488 6708701.1842
-45052.5480 6708661.5280
-44960.7472 6708621.8718
-44868.9464 6708582.2157
-44777.4685 6708541.9094
-44690.3952 6708492.7337
-44603.3494 6708443.5099
-44516.6722 6708393.6393
-44429.9951 6708343.7687
-44343.3180 6708293.8981
-44256.2678 6708244.7778
-44164.1946 6708205.7581
-44075.2836 6708188.4369
-43998.1760 6708252.1111
-43930.9548 6708322.4663
-43900.6374 6708417.7598
-43902.3860 6708513.3393
-43930.9993 6708609.1583
-43959.6127 6708704.9772
-43988.2260 6708800.7962
-44016.8394 6708896.6152
-44045.4527 6708992.4342
-44101.4652 6709069.4989
-44180.4328 6709130.8514
-44249.8179 6709202.2605
-44314.9109 6709278.1744
-44371.2327 6709360.5702
-44424.6949 6709445.0793
-44444.9059 6709540.9387
-44454.2755 6709640.4988
-44401.3912 6709718.4521
-44332.3565 6709790.7999
-44252.4267 6709850.5446
-44170.8562 6709908.3914
-44084.8783 6709959.3605
-43998.2427 6710009.3031
-43911.3266 6710058.7556
-43824.3689 6710108.1353
-43726.2283 6710109.0420
-43626.4265 6710102.7483
-43582.5376 6710015.0490
-43540.8420 6709924.1564
-43525.9680 6709825.3919
-43511.9297 6709726.3822
-43527.5492 6709627.6974
-43543.7537 6709529.0191
-43575.6909 6709434.2710
-43607.7959 6709339.5648
-43620.2013 6709240.3385
-43632.5947 6709141.1094
-43644.9880 6709041.8804
-43657.3814 6708942.6513
-43669.7748 6708843.4223
-43682.1682 6708744.1932
-43656.3595 6708647.5856
-43615.8854 6708561.1628
-43534.3078 6708503.3261
-43452.7301 6708445.4893
-43371.1525 6708387.6526
-43289.5748 6708329.8159
-43207.9972 6708271.9791
-43133.0653 6708251.0459
-43076.7896 6708333.7080
-43022.5776 6708417.6819
-42971.6292 6708503.7299
-42920.6809 6708589.7780
-42869.7326 6708675.8261
-42818.8509 6708761.9134
-42768.0744 6708848.0630
-42744.1731 6708938.9406
-42762.4995 6709037.2469
-42767.5363 6709135.7513
-42752.1468 6709234.5600
-42711.0447 6709319.0910
-42635.3080 6709384.3900
-42549.2562 6709427.3217
-42450.4196 6709442.5306
-42356.2421 6709428.6350
-42267.0925 6709383.3322
-42181.3067 6709332.3923
-42099.1058 6709275.4448
-42016.9049 6709218.4973
-41934.7041 6709161.5498
-41852.5032 6709104.6023
-41770.3023 6709047.6548
-41691.3886 6708986.4822
-41615.9781 6708920.8068
-41541.5198 6708854.0699
-41468.0631 6708786.2163
-41394.6064 6708718.3626
-41321.1498 6708650.5090
-41247.5607 6708582.7992
-41173.8325 6708515.2408
-41098.7662 6708449.2049
-41022.2927 6708384.7704
-40942.9906 6708324.0364
-40860.7462 6708267.1519
-40778.5018 6708210.2673
-40696.2574 6708153.3827
-40614.0130 6708096.4981
-40531.7686 6708039.6135
-40450.7299 6707981.0616
-40370.9454 6707920.7752
-40310.6284 6707845.1014
-40270.3978 6707753.5509
-40248.6585 6707657.0451
-40237.7182 6707557.6453
-40226.7780 6707458.2456
-40215.8378 6707358.8458
-40188.3986 6707263.5663
-40151.3237 6707170.6929
-40100.8953 6707084.8011
-40045.7874 6707001.3558
-40010.5797 6706908.4235
-39980.4493 6706813.0707
-39948.1299 6706718.4446
-39915.2520 6706624.0039
-39884.1036 6706528.9832
-39853.3931 6706433.8156
-39832.1446 6706336.2177
-39813.1921 6706238.0301
-39796.8004 6706139.3910
-39781.0275 6706040.6428
-39784.5673 6705941.1581
-39792.7745 6705841.4955
-39882.0969 6705855.2110
-39962.5550 6705903.9408
-40020.9973 6705985.0857
-40060.3441 6706074.2503
-40077.3658 6706172.7910
-40098.1607 6706270.5300
-40122.6702 6706367.4799
-40202.4639 6706406.2035
-40300.5534 6706425.6577
-40392.6845 6706463.0491
-40482.9188 6706506.1509
-40553.0900 6706575.1849
-40617.4694 6706651.7047
-40623.7981 6706748.5376
-40621.1740 6706848.5031
-40616.0052 6706948.3645
-40610.4453 6707048.2098
-40604.8853 6707148.0551
-40599.3253 6707247.9004
-40593.7653 6707347.7457
-40588.2054 6707447.5910
-40630.7136 6707536.0088
-40681.2369 6707622.1821
-40753.2231 6707691.5938
-40825.2092 6707761.0056
-40897.1954 6707830.4173
-40969.1816 6707899.8291
-41041.1677 6707969.2408
-41113.3169 6708034.9138
-41191.0710 6707972.0305
-41267.0122 6707907.1589
-41336.7919 6707835.5293
-41406.5716 6707763.8998
-41476.3513 6707692.2702
-41543.2214 6707618.2427
-41600.2024 6707536.0651
-41667.0520 6707469.7485
-41765.9495 6707454.9401
-41865.2607 6707446.0903
-41965.2557 6707447.0896
-42065.2507 6707448.0890
-42165.2457 6707449.0884
-42264.5834 6707456.7297
-42362.8345 6707475.3500
-42458.9830 6707501.2769
-42552.1032 6707537.7273
-42645.2234 6707574.1777
-42738.3436 6707610.6281
-42831.4638 6707647.0785
-42924.5839 6707683.5289
-42997.4864 6707668.2000
-43041.2697 6707578.2944
-43078.0121 6707485.4775
-43110.5054 6707390.9038
-43142.9987 6707296.3301
-43175.4921 6707201.7564
-43191.6525 6707103.9227
-43197.9564 6707004.1216
-43155.1770 6706916.4231
-43103.2001 6706830.9924
-43125.2776 6706735.2046
-43161.4462 6706648.7094
-43258.6120 6706625.0702
-43346.0176 6706635.9121
-43416.3779 6706706.9714
-43441.8422 6706796.8052
-43443.0120 6706896.7983
-43452.2525 6706996.2208
-43465.1650 6707095.3836
-43502.1302 6707187.3952
-43545.4913 6707277.5053
-43588.8523 6707367.6153
-43632.2134 6707457.7254
-43675.5744 6707547.8354
-43718.9355 6707637.9454
-43795.5530 6707697.8934
-43882.0024 6707747.0194
-43981.1256 6707760.2322
-44080.1584 6707773.9811
-44178.1290 6707794.0254
-44276.0995 6707814.0698
-44374.0700 6707834.1141
-44472.0405 6707854.1584
-44570.0111 6707874.2028
-44667.4281 6707889.4061
-44758.3466 6707847.7667
-44850.6771 6707810.7676
-44949.3783 6707794.7031
-45048.4094 6707782.9849
-45148.4046 6707783.9689
-45248.3997 6707784.9529
-45348.3949 6707785.9370
-45433.9810 6707763.7117
-45477.4565 6707673.6568
-45519.5662 6707582.9823
-45558.6999 6707490.9575
-45601.3070 6707400.6704
-45651.4827 6707314.1695
-45716.4863 6707263.7625
-45812.9803 6707290.0093
-45905.4819 6707273.1168
-45995.5200 6707229.6066
-46078.3082 6707173.9866
-46159.1845 6707115.1732
-46142.1325 6707031.4112
-46090.4929 6706947.3192
-46019.0422 6706877.3563
-45945.6735 6706809.5460
-45867.9683 6706746.6024
-45791.4413 6706682.2856
-45717.4237 6706615.0443
-45654.8602 6706539.2759
-45611.6743 6706449.0818
-45574.3836 6706356.6308
-45546.2973 6706260.6560
-45525.6149 6706163.2725
-45516.4926 6706063.6894
-45532.7740 6705969.4248
-45581.0758 6705881.8637
-45633.4158 6705796.7480
-45688.6270 6705713.3710
-45666.7563 6705626.5258
-45617.9265 6705539.7285
-45535.1828 6705483.5727
-45453.7775 6705426.2109
-45406.5153 6705338.0844
-45371.7131 6705250.7646
-45429.9437 6705169.4676
-45494.4117 6705094.8047
-45579.1398 6705041.6901
-45664.9314 6704990.4520
-45754.0272 6704945.0434
-45844.0779 6704901.7520
-45937.0891 6704865.0243
-46030.1864 6704828.5180
-46123.5496 6704792.6945
-46214.8524 6704752.7242
-46183.0596 6704746.5812
-46085.1352 6704766.8500
-45987.2332 6704787.2261
-45889.3439 6704807.6632
-45791.4718 6704828.1828
-45693.6096 6704848.7493
-45595.7473 6704869.3159
-45497.8851 6704889.8824
-45402.0199 6704917.7625
-45307.2859 6704949.7856
-45214.0665 6704985.8408
-45121.6759 6705024.1028
-45041.4543 6704993.8569
-44969.0217 6704925.3836
-44937.0260 6704830.6403
-44905.0641 6704735.8860
-44874.2294 6704640.7586
-44843.7328 6704545.5435
-44824.4740 6704447.4156
-44805.6660 6704349.2342
-44801.4805 6704249.3218
-44797.2950 6704149.4095
-44793.1095 6704049.4971
-44788.7554 6703949.5966
-44778.9346 6703850.0800
-44766.2521 6703751.6320
-44708.4441 6703670.0339
-44650.6362 6703588.4359
-44592.8283 6703506.8378
-44535.0203 6703425.2398
-44477.2124 6703343.6417
-44418.9895 6703262.3660
-44354.2230 6703186.1735
-44287.4382 6703112.5798
-44197.5832 6703068.6928
-44106.1417 6703031.3634
-44006.1625 6703029.3249
-43907.3210 6703033.4759
-43814.6028 6703070.9369
-43721.9996 6703108.6753
-43629.9820 6703147.8258
-43537.9644 6703186.9763
-43445.9468 6703226.1268
-43352.8243 6703261.4399
-43254.0767 6703277.2171
-43155.1111 6703290.8817
-43055.2230 6703295.6122
-42972.1308 6703318.4236
-42960.0630 6703417.6927
-42952.0928 6703517.1208
-42956.4374 6703617.0264
-42974.0610 6703713.3281
-43020.8205 6703801.7224
-43062.6867 6703892.2048
-43094.1532 6703987.1251
-43124.4026 6704082.4221
-43152.0708 6704178.5183
-43179.7390 6704274.6144
-43207.4072 6704370.7106
-43234.7327 6704466.9033
-43261.3317 6704563.3009
-43283.1914 6704660.6290
-43295.0157 6704759.9275
-43298.3501 6704859.1972
-43285.8519 6704958.4131
-43272.8117 6705057.5564
-43258.7615 6705156.5644
-43243.2630 6705255.3358
-43225.0653 6705353.6661
-43195.2231 6705447.6067
-43143.9816 6705533.4805
-43074.3331 6705599.4365
-42984.6920 6705643.7587
-42892.1730 6705680.9035
-42796.7424 6705710.7869
-42700.1105 6705736.0740
-42602.2632 6705756.7112
-42506.0336 6705750.6605
-42411.3955 6705718.3550
-42329.1815 6705664.5267
-42253.8744 6705598.7326
-42180.8594 6705530.4496
-42109.0935 6705460.8102
-42047.8389 6705382.4145
-41992.3128 6705299.2469
-41967.2346 6705205.1788
-41957.3607 6705105.6674
-42020.1691 6705046.0652
-42108.4068 6705010.5865
-42186.1097 6705073.5329
-42264.8164 6705134.9377
-42306.8692 6705137.8714
-42252.9820 6705053.6326
-42203.6653 6704966.9409
-42163.2506 6704875.4715
-42123.2262 6704783.8326
-42083.9619 6704691.8635
-42037.8544 6704603.8121
-41978.4231 6704523.3888
-41912.0488 6704449.5317
-41835.0618 6704385.7117
-41756.6504 6704323.7160
-41676.0619 6704264.5088
-41592.7232 6704209.5809
-41505.3894 6704160.8694
-41427.8849 6704100.2076
-41363.2388 6704023.9129
-41305.5277 6703942.7962
-41256.5165 6703855.6302
-41208.7111 6703767.8106
-41162.4178 6703679.1713
-41120.4911 6703588.5439
-41084.0309 6703495.4275
-41059.7491 6703399.3690
-41049.6769 6703299.8775
-41044.3911 6703200.1498
-41044.6156 6703100.1500
-41044.8401 6703000.1503
-41045.0645 6702900.1505
-41025.5625 6702804.4951
-40983.3511 6702713.8408
-40900.5319 6702661.2847
-40813.5893 6702612.4285
-40754.6909 6702531.6141
-40695.9116 6702450.7170
-40640.8639 6702367.2319
-40586.1721 6702283.5447
-40542.6223 6702193.5257
-40500.2166 6702103.1334
-40482.2833 6702004.7545
-40465.1685 6701906.2791
-40459.7169 6701806.4278
-40455.1637 6701706.5891
-40463.4124 6701606.9299
-40475.2123 6701508.5073
-40530.6499 6701425.2807
-40606.1715 6701398.8253
-40701.6124 6701428.6755
-40786.8493 6701477.5443
-40864.4954 6701540.5608
-40937.6977 6701608.4646
-41007.7931 6701679.7852
-41077.8884 6701751.1059
-41147.9838 6701822.4265
-41192.8020 6701799.9409
-41155.1420 6701707.3033
-41120.5696 6701613.7707
-41102.8520 6701515.3528
-41087.0057 6701416.7129
-41081.2042 6701316.8813
-41075.4026 6701217.0497
-41069.6011 6701117.2182
-41063.1590 6701017.4370
-41053.2786 6700917.9263
-41026.1596 6700831.5283
-40932.8974 6700795.4430
-40839.6351 6700759.3576
-40746.3729 6700723.2722
-40657.5651 6700680.2392
-40585.8489 6700610.5486
-40534.3567 6700533.8003
-40547.1422 6700434.6210
-40562.7611 6700335.9378
-40584.4264 6700238.3129
-40606.0916 6700140.6880
-40627.7568 6700043.0631
-40643.9770 6699944.7141
-40648.5787 6699844.8201
-40655.2030 6699745.0832
-40666.0931 6699645.6779
-40703.8731 6699567.6270
-40798.2282 6699534.5043
-40886.3706 6699489.2450
-40968.4126 6699432.0689
-41019.6895 6699353.1228
-41046.3142 6699256.7323
-41082.6252 6699164.0146
-41126.6023 6699074.2036
-41182.9494 6698992.6447
-41248.9837 6698917.5483
-41327.8074 6698940.3706
-41410.9144 6698995.9873
-41439.9192 6698966.4912
-41378.0042 6698887.9640
-41301.9489 6698849.8667
-41204.5877 6698872.6877
-41122.9865 6698928.8526
-41043.5489 6698989.5953
-40990.4147 6699073.3167
-40940.8916 6699160.1928
-40894.5015 6699248.7732
-40848.4775 6699337.5526
-40761.5563 6699311.1279
-40686.7234 6699257.1986
-40664.1262 6699159.7852
-40646.1549 6699061.7362
-40641.6392 6698961.8382
-40637.2100 6698861.9365
-40633.0265 6698762.0240
-40626.1115 6698662.3668
-40611.7114 6698563.4091
-40586.9903 6698468.2372
-40550.0297 6698488.3965
-40524.7774 6698585.1556
-40499.5251 6698681.9147
-40474.2728 6698778.6738
-40458.1230 6698877.0446
-40448.6162 6698976.5917
-40445.8467 6699076.3992
-40447.6406 6699176.3831
-40449.4345 6699276.3670
-40451.2283 6699376.3509
-40455.1076 6699476.2609
-40460.3993 6699576.1208
-40466.9749 6699675.8988
-40474.4173 6699775.6214
-40475.3331 6699875.4733
-40471.8420 6699975.4123
-40451.3359 6700072.2808
-40419.6742 6700167.1361
-40381.8627 6700259.5718
-40340.3997 6700350.5708
-40316.4578 6700446.6398
-40302.9195 6700545.7191
-40367.8155 6700618.9996
-40437.5260 6700690.6965
-40476.8653 6700782.3854
-40514.3028 6700874.7629
-40475.9164 6700967.1019
-40418.4843 6701037.7938
-40322.0092 6701064.1104
-40233.5479 6701051.2531
-40155.1576 6700989.1648
-40087.2413 6700916.7870
-40026.5563 6700837.3053
-39971.1507 6700754.2268
-39919.3901 6700668.6649
-39879.1308 6700577.7274
-39846.6893 6700483.1359
-39790.8176 6700403.3734
-39719.2129 6700333.5682
-39704.8458 6700431.2226
-39677.4241 6700504.9489
-39587.3638 6700461.4846
-39510.3821 6700401.6622
-39448.1623 6700323.3762
-39385.9424 6700245.0902
-39323.7226 6700166.8043
-39256.2452 6700093.3961
-39182.8337 6700025.4936
-39109.2835 6699957.7417
-39035.5840 6699890.1520
-38964.0255 6699820.3710
-38894.7488 6699748.2548
-38837.8873 6699667.4890
-38794.2376 6699577.5184
-38760.5504 6699483.8970
-38735.7314 6699387.0259
-38723.3453 6699288.5002
-38721.9663 6699188.5097
-38726.3251 6699088.7386
-38735.3346 6698989.1453
-38744.3440 6698889.5520
-38753.3535 6698789.9586
-38730.6731 6698697.0306
-38682.3073 6698609.5049
-38647.1773 6698516.4630
-38619.0702 6698420.4943
-38607.5155 6698321.7923
-38603.2764 6698221.8822
-38602.2364 6698121.9097
-38602.5766 6698021.9103
-38609.0497 6697922.2015
-38618.1684 6697822.6181
-38631.0139 6697723.4769
-38645.4525 6697624.5248
-38660.4514 6697525.6567
-38675.6895 6697426.8245
-38690.9276 6697327.9924
-38706.1658 6697229.1602
-38703.7021 6697129.8624
-38693.6810 6697030.3657
-38692.7633 6696930.5352
-38695.4692 6696830.5719
-38700.9832 6696730.7392
-38707.5757 6696630.9567
-38736.4430 6696536.2671
-38773.8669 6696443.5339
-38818.1995 6696354.0098
-38864.9192 6696265.5944
-38911.7840 6696177.2560
-38958.6989 6696088.9441
-38996.1518 6695996.4225
-39030.3367 6695902.4471
-39044.9132 6695804.1034
-39053.8514 6695704.5036
-39060.5441 6695604.7351
-39066.5933 6695504.9183
-39072.6424 6695405.1014
-39078.6916 6695305.2845
-39075.7382 6695205.4444
-39070.2046 6695105.5976
-39053.5834 6695007.1535
-39034.0775 6694909.0744
-39023.1205 6694809.7741
-39014.3875 6694710.1561
-39033.2742 6694612.8935
-39058.7482 6694516.1925
-39101.3398 6694426.0341
-39146.8579 6694336.9942
-39192.3760 6694247.9543
-39237.8941 6694158.9144
-39282.4397 6694069.3851
-39326.8191 6693979.7722
-39370.5799 6693889.8561
-39414.2352 6693799.8882
-39463.9817 6693713.1869
-39514.7688 6693627.0436
-39569.5545 6693543.4084
-39625.0016 6693460.1881
-39680.7019 6693377.1372
-39736.4442 6693294.1143
-39826.8155 6693258.5972
-39923.3236 6693235.4761
-40022.8218 6693245.4821
-40122.3245 6693255.4415
-40221.8608 6693265.0606
-40320.1316 6693267.9561
-40409.3606 6693222.8097
-40498.5895 6693177.6633
-40587.8184 6693132.5169
-40675.7931 6693085.3880
-40754.8057 6693024.0936
-40832.4171 6692961.2336
-40902.0642 6692889.4751
-40971.7112 6692817.7165
-41041.3583 6692745.9580
-41095.1799 6692670.9847
-41059.0516 6692577.7390
-40977.1969 6692606.1785
-40886.8578 6692647.6125
-40788.7721 6692667.0850
-40690.1638 6692681.9962
-40590.2153 6692685.2054
-40490.2869 6692686.1232
-40390.4101 6692681.1626
-40290.8555 6692673.1262
-40192.1203 6692657.2717
-40122.2419 6692610.4352
-40099.4227 6692513.0736
-40111.9458 6692420.9912
-40162.2207 6692334.5479
-40213.3217 6692248.5962
-40265.3046 6692163.1692
-40317.2876 6692077.7422
-40369.2706 6691992.3152
-40425.0944 6691909.4856
-40485.0191 6691829.4292
-40548.9815 6691752.7419
-40617.0142 6691679.4511
-40682.5095 6691603.9585
-40745.4769 6691526.2725
-40808.4442 6691448.5866
-40871.4116 6691370.9006
-40931.4454 6691291.0098
-40988.5566 6691208.9227
-41042.7474 6691124.9495
-41094.0733 6691039.1261
-41144.8939 6690953.0045
-41195.2192 6690866.5906
-41245.5445 6690780.1767
-41295.8699 6690693.7628
-41346.1952 6690607.3489
-41396.5205 6690520.9350
-41432.7945 6690428.9552
-41455.2943 6690331.5193
-41498.8599 6690244.1788
-41560.7117 6690165.6017
-41628.4978 6690092.3695
-41700.1994 6690022.6638
-41780.8689 6690025.0979
-41867.4549 6690075.1264
-41939.0949 6690143.4563
-42005.4145 6690218.3008
-42071.7342 6690293.1454
-42138.0538 6690367.9899
-42204.3735 6690442.8344
-42270.6931 6690517.6789
-42339.8089 6690589.9133
-42409.9199 6690661.2186
-42486.4668 6690725.3181
-42565.2077 6690786.9612
-42636.6920 6690856.6088
-42705.7386 6690928.9453
-42755.8824 6691014.4725
-42799.9530 6691104.2376
-42774.8919 6691195.5247
-42720.4222 6691268.6144
-42621.7382 6691284.7842
-42557.9200 6691319.1198
-42601.2135 6691409.2623
-42623.6189 6691501.5339
-42599.4031 6691598.5576
-42561.1700 6691687.9690
-42492.9761 6691761.1099
-42423.2255 6691832.6957
-42350.1524 6691900.9622
-42277.0793 6691969.2288
-42204.0063 6692037.4954
-42131.1299 6692105.9706
-42058.6732 6692174.8911
-41986.6132 6692244.2211
-41915.3990 6692314.4247
-41898.3561 6692356.6907
-41996.5989 6692338.1057
-42094.4049 6692317.2736
-42192.9581 6692301.9394
-42292.7765 6692295.9154
-42378.8630 6692325.3090
-42448.5322 6692397.0460
-42522.3370 6692464.1840
-42601.0432 6692525.8714
-42685.7730 6692577.4043
-42750.8229 6692576.4185
-42750.2810 6692476.4200
-42793.3409 6692410.9710
-42890.8155 6692388.6394
-42988.0362 6692401.6153
-43085.1796 6692425.3466
-43183.4264 6692443.7456
-43282.0094 6692460.5204
-43381.5006 6692469.7408
-43481.2504 6692476.8093
-43579.9343 6692492.3529
-43678.3275 6692510.2074
-43773.5006 6692540.1928
-43867.7957 6692573.4860
-43949.8178 6692629.3346
-44028.9865 6692690.4273
-44123.6326 6692718.2720
-44220.9101 6692731.7535
-44315.6129 6692699.6381
-44410.3156 6692667.5228
-44505.0183 6692635.4075
-44599.7210 6692603.2921
-44694.4237 6692571.1768
-44781.7552 6692530.6691
-44825.8207 6692440.9014
-44838.9186 6692345.5858
-44828.7579 6692246.1033
-44818.5973 6692146.6208
-44808.4367 6692047.1383
-44795.5911 6691947.9946
-44780.7288 6691849.1052
-44765.5791 6691750.2597
-44750.2138 6691651.4472
-44734.8485 6691552.6347
-44719.4832 6691453.8223
-44683.0849 6691362.7258
-44630.9050 6691277.4190
-44577.9572 6691192.5902
-44524.4477 6691108.1110
-44471.2676 6691023.4247
-44418.3283 6690938.5870
-44376.6997 6690848.2998
-44343.3432 6690754.0271
-44310.3374 6690659.6316
-44277.5866 6690565.1468
-44295.7176 6690477.0625
-44350.8487 6690393.6325
-44416.5734 6690319.0797
-44489.0715 6690250.2027
-44561.5695 6690181.3258
-44634.0676 6690112.4489
-44705.3772 6690042.3554
-44775.9270 6689971.4843
-44857.7149 6689915.9708
-44946.6087 6689870.1681
-45042.0204 6689842.7873
-45139.9396 6689822.4941
-45237.8589 6689802.2009
-45335.7782 6689781.9078
-45419.7765 6689731.6627
-45498.4188 6689669.8939
-45568.2589 6689598.5916
-45636.0947 6689525.1184
-45704.9408 6689452.5940
-45774.0159 6689380.2848
-45861.2514 6689333.7604
-45952.6031 6689293.0805
-46048.6662 6689265.8063
-46145.3826 6689240.3910
-46242.0991 6689214.9757
-46338.8155 6689189.5605
-46435.5276 6689164.1290
-46532.2392 6689138.6953
-46631.7100 6689130.8446
-46731.5634 6689125.4320
-46831.5238 6689126.9318
-46931.4969 6689129.2518
-47031.4922 6689130.0657
-47131.4902 6689130.7009
-47221.5001 6689089.4776
-47310.4374 6689043.7593
-47409.4920 6689045.9013
-47509.3229 6689051.7150
-47609.1537 6689057.5288
-47708.9846 6689063.3426
-47806.7391 6689084.0021
-47900.4480 6689110.8304
-47946.1692 6689199.7661
-47991.8904 6689288.7019
-48037.6116 6689377.6377
-48085.7785 6689455.2570
-48164.1453 6689393.1390
-48219.5537 6689311.1116
-48269.9546 6689224.7418
-48325.4710 6689141.6158
-48382.1031 6689059.1974
-48469.2634 6689014.3643
-48561.5418 6688975.8327
-48658.6853 6688952.9785
-48756.5660 6688932.4998
-48855.9555 6688922.1801
-48955.5628 6688913.3255
-49054.8005 6688923.3754
-49153.9856 6688936.1157
-49249.1232 6688966.3921
-49343.8590 6688998.4098
-49438.5947 6689030.4276
-49533.3305 6689062.4454
-49615.9620 6689118.1394
-49697.3916 6689176.1844
-49765.6286 6689249.1700
-49833.3076 6689322.7877
-49898.8066 6689398.3491
-49964.2153 6689473.9910
-50018.2187 6689558.1057
-50071.7500 6689642.5710
-50103.2777 6689737.3719
-50134.1051 6689832.5016
-50151.6505 6689930.9356
-50168.9894 6690029.4209
-50184.8856 6690128.1492
-50200.7608 6690226.8811
-50216.6359 6690325.6130
-50232.5110 6690424.3448
-50268.2571 6690517.7043
-50304.2952 6690610.9848
-50342.0711 6690703.5750
-50379.8654 6690796.1579
-50454.6540 6690862.3754
-50531.2999 6690843.6045
-50608.7157 6690780.3052
-50700.5616 6690765.4755
-50777.2306 6690806.9878
-50816.7749 6690898.8368
-50853.1774 6690991.8798
-50884.6118 6691086.8107
-50916.0462 6691181.7416
-50947.4805 6691276.6725
-51004.6807 6691342.6415
-51101.2501 6691354.5516
-51187.3747 6691303.7328
-51273.4994 6691252.9141
-51359.6241 6691202.0954
-51445.7487 6691151.2767
-51531.8734 6691100.4579
-51611.7447 6691044.5436
-51644.1261 6690949.9315
-51696.4292 6690888.6770
-51795.0826 6690905.0327
-51893.6767 6690921.7342
-51992.1474 6690939.1561
-52090.6200 6690956.5674
-52189.0965 6690973.9564
-52287.1156 6690993.5041
-52384.1814 6691017.5504
-52468.4147 6691061.7293
-52531.1936 6691139.5677
-52597.3183 6691214.3587
-52668.9691 6691284.1167
-52740.9419 6691353.5397
-52813.4468 6691422.4094
-52889.5314 6691486.8971
-52971.4823 6691544.2037
-53053.4823 6691601.4400
-53135.5627 6691658.5610
-53217.6431 6691715.6820
-53299.7235 6691772.8030
-53382.6935 6691828.5860
-53467.1216 6691882.1761
-53556.7454 6691923.2733
-53654.2761 6691945.3586
-53734.7708 6691993.5033
-53794.1278 6692073.9815
-53853.8081 6692154.2190
-53913.8896 6692234.1579
-53941.4790 6692322.6891
-53928.7672 6692421.8779
-53886.0446 6692509.2460
-53827.6992 6692590.4606
-53765.9045 6692669.0239
-53702.4285 6692746.2948
-53638.9525 6692823.5658
-53575.4765 6692900.8367
-53514.6643 6692980.1860
-53455.1504 6693060.5483
-53381.0173 6693126.0800
-53299.8091 6693184.4344
-53218.6009 6693242.7887
-53137.3927 6693301.1431
-53057.1299 6693360.7807
-52977.3246 6693421.0395
-52901.7847 6693486.4040
-52828.2873 6693554.2135
-52754.1822 6693621.3556
-52679.7863 6693688.1780
-52600.3405 6693748.6507
-52518.4844 6693806.0927
-52427.9949 6693846.7682
-52333.6904 6693880.0346
-52237.6111 6693907.4664
-52140.7554 6693932.3454
-52043.9753 6693957.5164
-51947.2284 6693982.8153
-51992.4774 6694005.9292
-52089.9569 6694028.2395
-52183.9723 6694061.5872
-52276.7185 6694098.9789
-52369.4648 6694136.3706
-52462.2110 6694173.7623
-52553.1143 6694215.3426
-52643.3423 6694258.4575
-52729.8680 6694308.3779
-52815.0821 6694360.7091
-52900.2962 6694413.0404
-52985.5103 6694465.3716
-53074.1077 6694511.5567
-53163.9037 6694555.5644
-53257.0351 6694591.6448
-53351.2824 6694625.0732
-53447.4373 6694652.2772
-53544.2303 6694677.3989
-53637.5923 6694651.5224
-53730.1480 6694613.6615
-53826.8142 6694588.9017
-53924.4090 6694567.1012
-54023.3219 6694552.8549
-54122.5325 6694540.3149
-54217.3815 6694567.5814
-54311.5227 6694601.3072
-54405.7799 6694634.7074
-54500.0558 6694668.0548
-54594.3317 6694701.4021
-54688.6077 6694734.7495
-54782.8836 6694768.0969
-54877.1596 6694801.4442
-54974.3034 6694787.3987
-55068.3640 6694758.0844
-55147.5624 6694697.0303
-55230.3519 6694642.7950
-55325.5022 6694612.0310
-55421.5673 6694585.1119
-55520.3770 6694569.7287
-55618.9796 6694563.1887
-55716.9607 6694583.1809
-55803.9926 6694621.8389
-55869.2566 6694697.6058
-55927.1704 6694778.4577
-55936.8619 6694796.2240
