COAST
1
34 1
-51965.8446 6695661.1318
-52055.0617 6695615.9622
-52144.2858 6695570.8112
-52241.4478 6695547.1563
-52338.6044 6695523.5856
-52431.9897 6695559.3512
-52525.3751 6695595.1167
-52618.7604 6695630.8823
-52712.1458 6695666.6479
-52805.5311 6695702.4134
-52898.9156 6695738.1812
-52991.6816 6695775.5238
-53084.4227 6695812.9121
-53165.9706 6695870.7906
-53243.0185 6695931.7739
-53268.1730 6696028.5584
-53276.3997 6696122.6796
-53222.7408 6696207.0640
-53152.1179 6696256.6153
-53052.5979 6696246.8299
-52965.2406 6696204.1381
-52883.2805 6696146.8447
-52801.2280 6696089.6837
-52719.1346 6696032.5815
-52637.0411 6695975.4792
-52554.9477 6695918.3769
-52468.9172 6695867.6436
-52381.1397 6695819.7362
-52289.0944 6695839.9773
-52196.0258 6695876.5592
-52108.4185 6695835.2742
-52021.3674 6695786.0593
-51980.4131 6695695.8649
-51965.8446 6695661.1318
