COAST
1
24 1
-52023.8213 6698549.4318
-51944.2460 6698609.9939
-51864.5874 6698670.4014
-51770.2478 6698703.5683
-51675.9082 6698736.7351
-51581.5686 6698769.9020
-51487.2290 6698803.0689
-51392.8894 6698836.2357
-51298.6208 6698868.8905
-51216.8575 6698811.3165
-51144.4161 6698748.2113
-51133.0651 6698648.8576
-51142.7525 6698555.6421
-51205.7499 6698477.9805
-51278.8098 6698416.8564
-51376.7370 6698396.6012
-51475.3646 6698382.1954
-51575.3054 6698378.7555
-51675.2366 6698377.9630
-51775.1496 6698382.1336
-51867.0083 6698407.3078
-51944.0926 6698471.0103
-52015.8365 6698540.1640
-52023.8213 6698549.4318
