COAST
1
52 1
-50161.0537 6700935.0066
-50082.6742 6700872.9046
-50004.7914 6700810.4071
-49961.8165 6700720.1122
-49918.8427 6700629.8169
-49875.9511 6700539.4824
-49833.0596 6700449.1480
-49790.1680 6700358.8135
-49747.3427 6700268.4497
-49709.1760 6700176.0197
-49671.9836 6700083.3698
-49666.7622 6699983.5063
-49662.1541 6699883.6625
-49673.8143 6699784.3446
-49685.7721 6699685.0743
-49705.6230 6699587.0644
-49728.4370 6699490.5670
-49796.1678 6699416.9970
-49871.9291 6699360.7389
-49971.8411 6699356.5446
-50055.6249 6699330.0476
-50090.9049 6699236.4777
-50157.5014 6699176.1539
-50253.0112 6699146.5249
-50327.2056 6699210.5594
-50401.6975 6699276.6510
-50495.2183 6699312.0610
-50588.7390 6699347.4711
-50682.2598 6699382.8811
-50775.7805 6699418.2911
-50869.3013 6699453.7011
-50961.8482 6699490.7917
-51039.0753 6699554.3210
-51109.3956 6699622.7367
-51143.5935 6699716.7074
-51164.5358 6699811.3590
-51140.1451 6699908.3388
-51109.2687 6700002.8483
-51062.9604 6700091.4798
-51016.2673 6700179.9066
-50968.6589 6700267.8466
-50918.6504 6700354.3368
-50862.9689 6700437.4005
-50807.2874 6700520.4641
-50751.6059 6700603.5278
-50689.4847 6700680.7423
-50612.1431 6700744.1322
-50532.1172 6700803.7109
-50446.3801 6700855.1807
-50356.7415 6700896.6844
-50258.8476 6700917.0996
-50161.0537 6700935.0066
