COAST
1
561 1
-56063.5288 6769924.7948
-55975.4899 6769877.6022
-55903.2171 6769808.9079
-55834.6377 6769736.1337
-55760.9433 6769680.9432
-55726.5432 6769588.2158
-55665.3465 6769509.3251
-55594.4074 6769453.1080
-55537.3329 6769373.6851
-55491.1429 6769285.0095
-55431.0166 6769205.5708
-55364.4549 6769132.4144
-55301.9252 6769054.7589
-55274.9796 6768963.5101
-55330.0549 6768883.4656
-55424.9215 6768867.3281
-55438.1462 6768786.0344
-55490.3199 6768701.3241
-55540.7252 6768616.2430
-55547.5188 6768519.9533
-55582.9011 6768435.5277
-55593.2164 6768353.9087
-55609.9530 6768256.3005
-55578.2017 6768165.7259
-55498.1728 6768106.0856
-55422.3664 6768041.0180
-55341.1334 6767987.5014
-55256.8880 6767993.5273
-55238.8041 6768063.0449
-55293.9263 6768144.8009
-55217.7717 6768159.8769
-55230.5982 6768223.1937
-55241.3289 6768321.8448
-55232.2816 6768420.8552
-55191.7871 6768512.0667
-55148.8631 6768602.0408
-55069.0266 6768624.9612
-55114.0255 6768544.6127
-55143.7683 6768453.1843
-55090.2534 6768368.9008
-55003.2747 6768328.6145
-54951.4635 6768243.1473
-54897.3318 6768159.2918
-54868.4879 6768076.6653
-54836.7265 6767983.3433
-54833.6342 6767884.0977
-54774.6411 6767843.8804
-54743.1996 6767749.4448
-54709.5538 6767657.6932
-54722.6762 6767564.9930
-54695.5374 6767471.8274
-54721.0256 6767375.4562
-54731.4511 6767277.3505
-54704.0509 6767182.9655
-54669.5166 6767094.0890
-54731.1035 6767016.3744
-54685.2664 6766981.5594
-54673.8373 6766882.6303
-54631.6777 6766853.9755
-54597.6610 6766789.1749
-54628.6912 6766694.5194
-54638.1996 6766595.0770
-54646.4189 6766495.8341
-54679.5159 6766403.5836
-54622.9322 6766339.7309
-54571.1705 6766254.7088
-54520.0211 6766170.9144
-54519.3653 6766071.2150
-54513.5755 6765971.5938
-54503.5667 6765872.1130
-54464.5704 6765784.1310
-54458.0566 6765686.8867
-54417.8502 6765596.8833
-54409.7540 6765498.1251
-54373.0621 6765410.1461
-54372.9747 6765320.4838
-54427.6987 6765237.0326
-54489.3284 6765159.5409
-54447.1646 6765193.4154
-54383.2903 6765157.2410
-54305.0145 6765099.5828
-54231.3893 6765162.6228
-54157.2189 6765107.4780
-54113.9245 6765017.3491
-54085.1562 6764921.6433
-54064.2549 6764823.8582
-54031.7470 6764729.4295
-54011.2590 6764633.6668
-54032.0339 6764564.4576
-54013.1854 6764467.4842
-53963.8580 6764382.5806
-53905.1405 6764302.6555
-53853.1077 6764272.9749
-53829.0879 6764210.0605
-53778.8328 6764186.9580
-53699.3850 6764147.1007
-53694.5486 6764048.6535
-53691.5809 6763953.7982
-53681.5995 6763854.5787
-53664.7401 6763756.1660
-53642.0516 6763658.9019
-53596.2507 6763571.5394
-53519.8947 6763622.9958
-53558.6260 6763700.0730
-53604.6358 6763746.8472
-53519.1751 6763697.4420
-53461.0047 6763618.7517
-53463.2282 6763521.5333
-53473.5771 6763540.3863
-53514.3088 6763596.8543
-53597.2750 6763542.0386
-53626.1442 6763456.7000
-53621.5263 6763358.3985
-53657.3546 6763427.0705
-53709.0209 6763384.6882
-53689.2366 6763287.4450
-53646.5748 6763197.6313
-53668.5362 6763102.0711
-53664.5959 6763002.9813
-53640.4507 6762906.6596
-53566.2630 6762932.2948
-53490.8245 6762992.5974
-53460.5878 6762990.8440
-53404.6816 6762915.8209
-53450.5812 6762830.8130
-53486.6656 6762742.2081
-53505.6611 6762648.5938
-53532.0735 6762552.8108
-53611.3443 6762503.5238
-53665.8662 6762584.5352
-53687.5527 6762571.9191
-53706.8089 6762474.6251
-53665.2600 6762385.6699
-53583.1328 6762329.0474
-53484.0044 6762323.8097
-53436.3325 6762396.6804
-53386.2557 6762482.9759
-53346.3055 6762421.9645
-53360.1688 6762323.2253
-53293.6003 6762264.2549
-53215.9872 6762303.2878
-53179.7007 6762225.8430
-53174.5034 6762128.2430
-53180.9034 6762030.8085
-53241.9160 6762016.7919
-53301.7614 6761998.7487
-53352.3523 6761912.5345
-53418.1249 6761920.3281
-53483.5691 6761995.9299
-53446.8241 6762087.7031
-53469.9739 6762181.8815
-53521.3533 6762244.1536
-53618.0560 6762253.1290
-53665.9938 6762288.5768
-53730.0328 6762268.5972
-53763.9446 6762361.9953
-53769.4398 6762461.7373
-53848.2294 6762517.3106
-53933.7622 6762485.6946
-54001.7359 6762480.3121
-54082.4457 6762513.3531
-54148.2256 6762455.0492
-54146.5684 6762362.0414
-54189.5210 6762272.1008
-54253.6134 6762223.3977
-54309.3315 6762243.4127
-54351.5341 6762209.6596
-54388.6782 6762302.3681
-54416.6120 6762398.2712
-54435.9391 6762496.3809
-54455.9528 6762594.3312
-54454.0940 6762693.9597
-54442.2478 6762792.8028
-54478.8292 6762852.2629
-54532.9702 6762800.9990
-54569.6948 6762712.3883
-54623.5182 6762678.8894
-54676.1190 6762763.7953
-54736.9563 6762710.2410
-54737.8466 6762610.3278
-54743.1502 6762510.8372
-54734.6921 6762411.3952
-54709.5771 6762314.8052
-54697.1876 6762217.6086
-54725.0178 6762127.7844
-54670.0356 6762044.5113
-54653.6470 6761954.8759
-54641.6820 6761860.2880
-54573.8882 6761788.4522
-54525.1810 6761701.1300
-54521.7822 6761609.2143
-54527.8438 6761522.0763
-54490.0134 6761430.5789
-54433.1348 6761348.6327
-54392.4762 6761257.3889
-54407.4907 6761160.3687
-54333.6694 6761095.7780
-54256.6784 6761034.8417
-54228.9338 6760941.2221
-54272.2949 6760857.1494
-54328.8852 6760778.7828
-54407.1375 6760718.8865
-54389.7528 6760628.7270
-54337.9873 6760544.6535
-54323.1756 6760446.8224
-54330.9222 6760347.5451
-54293.6852 6760259.7718
-54302.1048 6760163.0289
-54297.2781 6760066.4386
-54299.7023 6759967.7600
-54303.9001 6759876.1266
-54334.4670 6759784.6603
-54409.8027 6759721.7471
-54500.8253 6759681.6931
-54599.3978 6759665.0756
-54680.4597 6759615.9689
-54709.1829 6759689.6065
-54786.7035 6759737.3146
-54867.2365 6759693.5003
-54868.7745 6759595.2429
-54936.0116 6759531.7858
-54938.2260 6759455.1481
-54986.6687 6759390.8845
-55044.8597 6759422.4952
-55107.2205 6759345.8432
-55162.8420 6759263.2237
-55252.1148 6759225.2171
-55318.2922 6759295.1979
-55382.1508 6759371.4732
-55438.6057 6759453.3903
-55495.7078 6759525.0349
-55595.4264 6759523.2103
-55683.4712 6759493.0426
-55754.9040 6759423.8005
-55815.1218 6759343.9763
-55889.8825 6759279.3298
-55987.4878 6759267.7650
-55980.6809 6759339.4833
-56042.0224 6759353.4931
-56097.6119 6759414.7229
-56119.4107 6759510.8672
-56185.1809 6759585.3255
-56150.2292 6759676.0970
-56130.5880 6759770.1449
-56200.9948 6759819.2411
-56252.0896 6759900.9496
-56332.4285 6759953.6302
-56393.5231 6759874.8032
-56465.1721 6759818.0088
-56555.6352 6759855.8824
-56633.4424 6759823.1945
-56712.1509 6759764.4821
-56811.9680 6759768.7081
-56909.6801 6759756.0828
-56840.7857 6759777.6111
-56810.9932 6759794.7315
-56909.9178 6759782.5424
-56881.5305 6759856.0166
-56930.5403 6759858.9019
-56990.5867 6759916.0036
-56919.5961 6759985.9968
-56875.7621 6760074.1126
-56799.7922 6760124.2068
-56700.1500 6760131.2162
-56615.5898 6760089.8007
-56540.9678 6760094.8287
-56533.4759 6760193.9984
-56540.7584 6760293.5679
-56518.0847 6760390.1394
-56583.9996 6760453.1818
-56620.5336 6760535.8414
-56611.0231 6760441.9619
-56608.4956 6760343.2031
-56685.7521 6760285.4178
-56751.6443 6760211.0462
-56837.3083 6760161.2154
-56929.7818 6760124.1088
-57025.7340 6760108.3513
-57078.4784 6760186.3648
-57022.4297 6760264.6803
-57047.8520 6760295.6624
-57130.1965 6760294.3090
-57187.5705 6760373.2108
-57227.7481 6760281.9796
-57166.2375 6760227.5324
-57134.6849 6760142.3499
-57218.6798 6760176.6767
-57290.7163 6760242.0985
-57376.6768 6760291.5898
-57430.7063 6760218.5465
-57404.9637 6760133.1070
-57353.5048 6760048.5682
-57264.0125 6760004.7241
-57300.8106 6759947.3554
-57400.7610 6759950.0093
-57492.1029 6759972.4408
-57538.9730 6760004.9033
-57607.0799 6759945.8914
-57691.0904 6759976.3837
-57729.9363 6759944.4528
-57733.3859 6759846.7615
-57824.9339 6759846.8660
-57917.4377 6759859.1055
-58007.7458 6759820.1466
-58100.4197 6759782.6089
-58140.8396 6759809.4836
-58139.4425 6759908.6680
-58151.9837 6760006.9738
-58241.5140 6760037.0886
-58316.0051 6759987.9369
-58305.6674 6759901.4226
-58301.5045 6759802.9800
-58313.0150 6759703.8179
-58372.2585 6759624.6488
-58448.6293 6759579.6759
-58544.3264 6759564.4525
-58592.4862 6759633.1802
-58585.5259 6759732.8532
-58588.5801 6759832.5037
-58586.2021 6759929.0114
-58573.1587 6760027.9541
-58586.2785 6760124.1589
-58612.9222 6760216.6379
-58540.7377 6760265.1885
-58484.9233 6760200.1009
-58445.3476 6760275.1120
-58347.2803 6760267.2016
-58251.0307 6760250.2111
-58151.9457 6760257.0021
-58057.6966 6760288.5056
-57963.3008 6760259.4171
-57867.9561 6760234.8107
-57798.3964 6760306.3613
-57762.7359 6760396.5877
-57785.0306 6760488.1025
-57859.1936 6760546.4480
-57893.1841 6760640.4081
-57940.1776 6760722.4346
-57946.1147 6760821.7519
-57986.6401 6760907.1258
-58084.6515 6760919.5114
-58176.0855 6760893.7913
-58274.0709 6760913.6934
-58370.5495 6760901.6771
-58422.5492 6760842.0237
-58457.7907 6760767.9050
-58497.9910 6760836.8191
-58476.5523 6760934.4748
-58517.5936 6761023.5802
-58525.5036 6761122.9551
-58539.3623 6761221.7930
-58533.1000 6761320.0180
-58494.3721 6761411.3167
-58438.3350 6761494.0298
-58414.7957 6761587.3310
-58438.8269 6761684.0478
-58385.6229 6761742.1383
-58315.9247 6761670.8669
-58239.4916 6761611.2362
-58195.7078 6761686.2400
-58172.2365 6761782.1931
-58114.4385 6761860.0924
-58017.8741 6761849.4840
-57931.7126 6761801.2470
-57854.8843 6761785.7041
-57824.3024 6761696.2486
-57779.6960 6761713.4136
-57757.4940 6761808.7589
-57668.8069 6761818.7304
-57578.5910 6761826.4916
-57530.1816 6761910.9993
-57430.6111 6761911.9201
-57360.7523 6761953.8441
-57390.9289 6762029.4063
-57484.2211 6762052.8514
-57531.8468 6762115.6224
-57501.2318 6762207.3203
-57484.7356 6762303.6518
-57393.0122 6762318.6469
-57325.8891 6762252.1965
-57250.8330 6762187.1901
-57169.7804 6762215.2842
-57087.5029 6762272.1199
-57110.1499 6762351.0795
-57184.6354 6762410.8051
-57129.4259 6762486.2875
-57042.3986 6762533.6656
-56946.7649 6762513.4351
-56909.1127 6762525.8039
-56816.4119 6762532.7613
-56882.2385 6762582.4900
-56968.8304 6762632.2542
-57057.6769 6762678.0358
-57120.2812 6762753.8764
-57180.7403 6762831.5282
-57271.0625 6762868.6017
-57326.0801 6762792.9209
-57365.9058 6762743.9872
-57452.9383 6762791.2406
-57540.6965 6762826.1014
-57627.5949 6762869.0292
-57725.0620 6762884.9309
-57768.8378 6762972.9622
-57783.0000 6763071.7239
-57761.8171 6763158.9978
-57663.4700 6763164.7712
-57632.9234 6763248.5702
-57729.4796 6763271.7254
-57717.0229 6763347.2524
-57784.2671 6763407.8500
-57774.2971 6763507.2777
-57691.1377 6763545.9542
-57621.2273 6763603.5285
-57644.9894 6763693.0289
-57589.4120 6763775.9354
-57501.4952 6763804.4014
-57405.8382 6763807.4521
-57378.3886 6763899.2235
-57371.6106 6763998.9729
-57306.4359 6764063.5983
-57206.5560 6764067.9797
-57141.3985 6764136.8841
-57045.0752 6764159.7356
-56951.9218 6764127.4748
-56873.6980 6764102.9963
-56805.4173 6764175.0727
-56792.3411 6764262.6175
-56839.4886 6764349.6125
-56840.6588 6764441.6230
-56902.7028 6764506.6098
-56832.3627 6764568.2745
-56770.7866 6764619.4795
-56792.5492 6764714.6068
-56699.9496 6764698.9700
-56613.6834 6764737.3373
-56547.7353 6764782.5765
-56601.0386 6764864.4410
-56680.6897 6764833.5655
-56763.1401 6764888.8023
-56831.8687 6764961.2173
-56841.0284 6765053.5242
-56785.7584 6765136.5989
-56726.5307 6765217.0925
-56675.7712 6765303.2269
-56623.5775 6765388.3779
-56562.2950 6765467.3760
-56483.6903 6765526.6268
-56401.1622 6765582.4266
-56326.6972 6765649.1110
-56250.6006 6765713.8444
-56166.8268 6765768.2259
-56166.8538 6765827.8016
-56144.0347 6765866.9116
-56222.5780 6765805.0881
-56300.4093 6765743.6642
-56391.4145 6765702.2942
-56480.4134 6765666.5109
-56534.6086 6765592.1056
-56597.0585 6765514.3933
-56668.2497 6765444.2709
-56727.9504 6765364.1322
-56785.2674 6765282.2345
-56839.7935 6765199.6472
-56898.3950 6765121.6532
-56982.7774 6765068.1877
-57076.8070 6765038.6455
-57174.4284 6765050.7307
-57270.2726 6765027.9546
-57337.4364 6765091.9804
-57377.0831 6765183.7847
-57380.2638 6765274.1046
-57283.8534 6765289.0045
-57208.0330 6765326.6260
-57151.2038 6765404.2713
-57090.0986 6765345.2694
-57035.2499 6765281.7338
-56941.9064 6765295.9057
-56873.8429 6765366.7821
-56840.7346 6765459.0898
-56873.3643 6765553.2662
-56970.6269 6765547.0809
-57053.1686 6765538.4340
-57105.7325 6765623.3575
-57105.4294 6765712.6331
-57009.5971 6765739.1874
-56956.7487 6765819.2994
-56881.7314 6765885.3577
-56802.9168 6765946.4395
-56796.3195 6766032.3059
-56844.9379 6766119.6184
-56925.5329 6766083.6895
-57013.8923 6766051.3210
-57053.7664 6766134.0243
-56978.0818 6766195.7248
-56889.8154 6766242.7251
-56890.7737 6766339.8963
-56908.7175 6766438.2725
-56989.3270 6766489.7945
-56920.4716 6766559.2841
-56891.1224 6766653.4601
-56876.8607 6766749.8875
-56835.5111 6766816.4431
-56922.2462 6766773.6153
-56953.5110 6766857.1172
-56972.1605 6766950.2753
-57003.8956 6767043.6625
-57011.7371 6767143.1966
-57007.9414 6767242.6551
-56969.9474 6767335.0259
-56922.6936 6767422.0758
-56872.3289 6767507.3961
-56777.2645 6767512.8756
-56678.9229 6767521.8037
-56653.7905 6767582.3531
-56589.7009 6767621.7495
-56536.8012 6767544.6472
-56521.5616 6767445.9012
-56501.4658 6767384.9583
-56511.0303 6767484.4079
-56513.1773 6767584.3574
-56511.9931 6767683.7509
-56489.0801 6767780.0546
-56477.9627 6767879.1179
-56512.8111 6767945.8091
-56599.6171 6767920.7002
-56671.6256 6767852.2602
-56769.5832 6767844.4348
-56812.6197 6767763.8385
-56852.2693 6767687.7172
-56951.4040 6767675.4383
-57009.0341 6767715.2787
-56932.7099 6767778.0186
-56917.8743 6767865.0338
-56864.8292 6767933.1814
-56946.1323 6767966.0342
-56906.7384 6768043.5043
-56858.1012 6768129.0692
-56851.8087 6768207.5745
-56895.4945 6768289.8055
-56874.7915 6768387.3674
-56838.8646 6768480.6845
-56778.6204 6768558.0239
-56707.2003 6768627.2361
-56609.4234 6768633.6997
-56510.1212 6768622.2012
-56421.2856 6768620.0570
-56399.8399 6768716.9013
-56377.9676 6768812.2865
-56321.4980 6768874.3655
-56273.4977 6768952.7165
-56249.6909 6769043.0802
-56246.7319 6769136.7201
-56184.0805 6769207.0642
-56178.8437 6769306.7156
-56147.9952 6769401.4852
-56149.0896 6769499.9435
-56169.7955 6769596.1622
-56172.7730 6769695.0489
-56144.7040 6769791.0101
-56106.1845 6769883.1789
-56063.5288 6769924.7948
