COAST
1
31 1
-40303.0463 6703794.3962
-40235.9354 6703720.2603
-40168.8246 6703646.1244
-40069.2732 6703636.6627
-39969.7046 6703627.4630
-39869.7704 6703623.8376
-39769.8361 6703620.2121
-39669.9019 6703616.5867
-39570.0801 6703612.1124
-39472.6509 6703589.5833
-39382.7739 6703556.3865
-39329.1512 6703471.9791
-39286.1523 6703384.1378
-39280.2260 6703284.3136
-39286.0232 6703186.7069
-39328.0005 6703095.9440
-39397.8186 6703060.0038
-39495.8685 6703079.6562
-39592.6602 6703104.2713
-39688.2293 6703133.7086
-39783.7983 6703163.1460
-39879.3674 6703192.5833
-39973.7451 6703225.4475
-40066.9653 6703261.6414
-40147.4217 6703317.0005
-40216.7533 6703389.0638
-40269.1406 6703472.2720
-40307.8522 6703564.4751
-40318.0185 6703660.7869
-40306.8822 6703760.1649
-40303.0463 6703794.3962
