COAST
1
86 1
-48824.2787 6701434.3608
-48876.7123 6701519.5119
-48927.9375 6701605.0657
-48937.0542 6701704.6492
-48946.1708 6701804.2328
-48955.2875 6701903.8164
-48964.7088 6702003.3550
-48984.7459 6702101.3270
-49005.2368 6702199.1785
-49036.4367 6702294.1868
-49067.2313 6702389.3053
-49088.4620 6702487.0256
-49108.0175 6702584.8018
-49093.3480 6702683.7199
-49079.0432 6702782.6851
-49068.1753 6702882.0927
-49058.3232 6702981.5658
-49056.3687 6703081.5467
-49054.6992 6703181.5296
-49056.5599 6703230.8194
-49062.2851 6703130.9835
-49071.8494 6703031.6638
-49092.7040 6702933.8625
-49121.2361 6702839.0585
-49172.1601 6702752.9961
-49231.5211 6702674.9226
-49314.6801 6702619.3836
-49401.4726 6702586.1648
-49497.9534 6702612.4601
-49578.9086 6702661.5853
-49638.8239 6702741.6488
-49698.7393 6702821.7122
-49758.6546 6702901.7756
-49824.9015 6702976.0118
-49899.7286 6703042.3511
-49977.3512 6703105.1983
-50058.4604 6703163.6902
-50132.1880 6703230.1513
-50196.7092 6703306.5517
-50211.8532 6703393.1011
-50178.0265 6703484.5798
-50086.2096 6703524.1986
-49994.3927 6703563.8175
-49902.5757 6703603.4363
-49810.7588 6703643.0552
-49718.9419 6703682.6740
-49628.7282 6703724.6401
-49558.4223 6703795.7533
-49485.1338 6703862.0793
-49390.3139 6703893.8469
-49300.6898 6703902.5568
-49228.6591 6703833.1912
-49161.9230 6703759.2250
-49103.2893 6703678.2183
-49038.0322 6703603.2626
-48965.9073 6703549.2139
-48935.6924 6703644.5400
-48896.3203 6703730.5851
-48800.5972 6703759.5176
-48725.8716 6703715.8422
-48660.3662 6703640.2840
-48605.0254 6703557.4075
-48554.1480 6703471.3175
-48512.8630 6703380.4824
-48475.3077 6703287.8023
-48452.0754 6703190.9836
-48434.4104 6703092.5562
-48436.4548 6702993.2381
-48445.1691 6702893.6185
-48455.9616 6702794.2096
-48467.4155 6702694.8677
-48475.8052 6702595.2352
-48483.2328 6702495.5114
-48490.6604 6702395.7876
-48498.0880 6702296.0639
-48492.9073 6702196.4484
-48483.7674 6702096.8670
-48474.2704 6701997.3192
-48464.6617 6701897.7819
-48476.9401 6701799.2978
-48496.0616 6701701.1429
-48561.1396 6701631.3917
-48640.3822 6701570.3949
-48720.6176 6701510.7165
-48801.1329 6701451.4098
-48824.2787 6701434.3608
