COAST
1
31 1
-48027.1325 6695362.1830
-47927.6661 6695351.8660
-47838.1022 6695335.8834
-47879.6156 6695244.9074
-47925.8583 6695158.3474
-48013.7802 6695110.7056
-48101.6350 6695062.9419
-48188.8991 6695014.1057
-48276.9353 6694966.9974
-48371.5310 6694934.5682
-48465.5311 6694900.7349
-48554.5905 6694855.2550
-48644.6093 6694812.4809
-48742.4266 6694791.7020
-48826.6170 6694797.5608
-48867.0058 6694889.0416
-48874.3863 6694982.1206
-48843.0238 6695077.0753
-48799.4457 6695165.9391
-48742.4819 6695248.1286
-48679.7208 6695325.6199
-48611.1135 6695398.3732
-48544.0484 6695472.5212
-48478.5316 6695548.0696
-48403.1904 6695612.0401
-48317.9862 6695664.3874
-48229.8749 6695656.4505
-48140.0291 6695612.5446
-48092.6733 6695527.2374
-48051.1139 6695436.2824
-48027.1325 6695362.1830
