COAST
1
33 1
-50831.3425 6697143.8851
-50924.0719 6697106.4515
-51016.8012 6697069.0179
-51116.5804 6697062.3769
-51216.1842 6697055.9571
-51232.4044 6697154.6328
-51248.8868 6697253.2581
-51270.4882 6697350.8971
-51288.6917 6697448.0575
-51240.9592 6697535.9302
-51191.2523 6697622.1071
-51111.5915 6697682.5567
-51031.9514 6697743.0334
-50952.6160 6697803.9095
-50873.6441 6697865.2181
-50800.0239 6697932.8943
-50725.9428 6698000.0081
-50645.1213 6698058.8968
-50563.1305 6698114.9571
-50464.3189 6698130.3278
-50375.8452 6698136.2263
-50399.7772 6698039.1322
-50435.3953 6697948.5722
-50505.5800 6697877.3394
-50573.2133 6697803.9007
-50633.5584 6697724.1607
-50690.6628 6697642.3281
-50738.5111 6697554.5184
-50774.5301 6697462.9969
-50785.4251 6697363.5922
-50800.7514 6697264.9861
-50825.2429 6697168.0316
-50831.3425 6697143.8851
