COAST
1
35 1
-54085.4376 6786870.8444
-54038.2793 6786782.6622
-53991.2336 6786694.4394
-53971.1263 6786596.4817
-53951.0396 6786498.5204
-53935.8928 6786399.6742
-53921.0723 6786300.8303
-53937.6475 6786202.2136
-53958.0798 6786105.4550
-54024.8678 6786031.0281
-54095.5156 6785961.8431
-54186.4138 6785920.1597
-54277.5671 6785879.0627
-54370.0433 6785841.0082
-54463.3614 6785805.6465
-54561.0461 6785784.2529
-54646.2027 6785796.4643
-54706.0425 6785876.5842
-54748.3376 6785964.4969
-54767.6640 6786062.6116
-54791.9356 6786159.4485
-54822.5597 6786254.6439
-54853.1838 6786349.8393
-54883.8079 6786445.0347
-54881.9524 6786537.9582
-54838.3741 6786627.9634
-54751.6356 6786674.7252
-54661.5466 6786718.1300
-54571.4531 6786761.5252
-54481.3591 6786804.9197
-54386.0516 6786834.9274
-54290.3395 6786863.8962
-54190.6750 6786868.2559
-54090.7052 6786870.7148
-54085.4376 6786870.8444
