COAST
1
643 1
-34600.5706 6747751.4915
-34688.0626 6747704.6187
-34780.1603 6747742.8657
-34850.3904 6747814.0537
-34921.2119 6747884.4605
-35010.1536 6747927.0829
-35103.1843 6747914.2153
-35142.0513 6747822.1285
-35191.1403 6747735.6635
-35256.0362 6747659.6180
-35332.6424 6747602.9034
-35430.5892 6747602.0412
-35525.3549 6747633.8147
-35619.5787 6747666.9169
-35716.2141 6747692.6383
-35804.0003 6747732.9265
-35868.4640 6747809.1935
-35927.1646 6747890.1517
-35999.4767 6747947.7508
-36099.0854 6747955.1984
-36198.2604 6747963.8821
-36289.7222 6747999.0354
-36369.7429 6748058.9493
-36440.4543 6748128.5152
-36499.6887 6748209.0837
-36560.8007 6748288.1809
-36634.7781 6748352.6225
-36726.3904 6748391.6473
-36823.9483 6748410.6930
-36917.3390 6748438.3833
-36997.8933 6748496.7294
-37067.5211 6748568.1963
-37126.3595 6748648.7116
-37174.9449 6748735.9853
-37220.7334 6748824.8722
-37267.9498 6748913.0233
-37323.8236 6748995.2835
-37397.4088 6749061.8105
-37479.1347 6749119.4377
-37559.2022 6749179.2888
-37635.6856 6749243.6385
-37710.2914 6749310.2266
-37787.6249 6749373.4942
-37870.1878 6749429.7269
-37955.2123 6749482.3655
-38038.6894 6749537.3608
-38118.7788 6749597.1577
-38196.9327 6749659.5428
-38274.9488 6749722.1008
-38352.6460 6749785.0524
-38428.8429 6749849.7895
-38502.9932 6749916.8708
-38573.6989 6749987.5020
-38635.9265 6750065.4268
-38689.0829 6750150.0337
-38739.0858 6750236.6346
-38811.4038 6750298.2653
-38905.1319 6750332.7579
-39000.2763 6750363.5386
-39080.1645 6750418.5589
-39124.7987 6750505.9128
-39158.0627 6750600.2182
-39224.3350 6750669.4992
-39319.0892 6750697.1239
-39416.9995 6750717.4605
-39516.5795 6750722.7267
-39615.3552 6750737.0199
-39713.2080 6750757.5703
-39810.8827 6750779.0094
-39908.5507 6750800.4797
-40008.0914 6750806.1021
-40105.9500 6750824.9483
-40198.5384 6750862.0260
-40289.8718 6750902.7467
-40377.2999 6750951.1152
-40446.5085 6751022.1047
-40503.6337 6751104.0385
-40558.9001 6751187.3789
-40618.9661 6751267.2791
-40706.9856 6751310.2414
-40800.3926 6751345.9504
-40895.1371 6751377.8921
-40994.3429 6751382.7791
-41094.0223 6751390.1011
-41190.3510 6751415.8874
-41282.7296 6751453.9517
-41373.7281 6751495.4079
-41458.4423 6751548.2695
-41533.0405 6751614.5810
-41597.5242 6751690.8577
-41666.2747 6751763.4041
-41736.0314 6751835.0561
-41826.8886 6751873.4496
-41896.3996 6751943.4271
-41948.3305 6752028.6948
-41997.7273 6752115.6420
-42047.0163 6752202.6512
-42082.1431 6752296.1428
-42100.2379 6752394.3569
-42115.5907 6752493.1707
-42130.8274 6752592.0031
-42215.4966 6752637.2686
-42268.7602 6752566.6285
-42282.8817 6752467.7544
-42330.0716 6752394.4868
-42427.0274 6752403.5546
-42526.2077 6752413.8933
-42613.0897 6752373.2358
-42699.0088 6752322.1524
-42797.0180 6752312.1355
-42892.9384 6752338.1303
-42984.1100 6752378.9977
-43074.0028 6752422.8031
-43163.8000 6752466.8084
-43256.5200 6752504.1723
-43350.3496 6752538.7477
-43443.2816 6752575.6616
-43536.4576 6752611.9672
-43629.8623 6752647.6818
-43723.2904 6752683.3353
-43820.9812 6752703.9404
-43916.4368 6752733.4705
-44011.1437 6752765.5705
-44105.8010 6752797.8195
-44202.0781 6752824.7794
-44288.5998 6752874.1162
-44374.6225 6752925.1047
-44460.8501 6752975.7485
-44543.0194 6753032.6811
-44602.4132 6753112.4676
-44630.6512 6753207.8923
-44626.0096 6753307.4498
-44619.1701 6753407.2156
-44630.0495 6753506.5066
-44684.4184 6753590.1408
-44739.8157 6753673.3942
-44791.8956 6753758.7599
-44840.0542 6753846.3972
-44888.1228 6753934.0865
-44956.8928 6754006.5780
-45037.9272 6754065.1733
-45119.1463 6754123.5125
-45200.4903 6754181.6774
-45281.8443 6754239.8225
-45376.9502 6754270.5879
-45475.9403 6754283.6938
-45573.8370 6754263.7055
-45667.1319 6754227.7045
-45760.4143 6754191.6716
-45853.7769 6754156.0856
-45949.5979 6754149.5247
-46035.2665 6754201.1085
-46120.9349 6754252.6927
-46206.6033 6754304.2768
-46289.4275 6754359.4629
-46359.1889 6754431.1055
-46427.7075 6754503.9424
-46497.0275 6754575.9775
-46571.9583 6754641.8423
-46651.7672 6754700.9739
-46713.6848 6754779.2537
-46766.4413 6754864.1848
-46824.4462 6754945.4687
-46890.7001 6755020.3714
-46958.0866 6755094.1932
-47031.7649 6755161.5543
-47112.2131 6755220.9335
-47189.5994 6755284.1455
-47260.1277 6755354.8639
-47320.6867 6755434.1393
-47365.0334 6755523.0934
-47384.1688 6755620.6378
-47386.4556 6755720.5303
-47398.7498 6755819.6414
-47416.6030 6755917.8739
-47401.4332 6756006.6620
-47320.2965 6756007.0151
-47253.2071 6755934.8301
-47201.7702 6755849.2111
-47162.2169 6755757.7138
-47130.7749 6755662.7970
-47084.2742 6755575.7791
-47026.7730 6755493.9884
-46969.4367 6755412.0668
-46907.9319 6755333.2931
-46844.2193 6755256.2172
-46759.7535 6755237.6927
-46661.5319 6755256.4541
-46567.0022 6755238.0982
-46493.7262 6755174.1948
-46436.2784 6755092.5034
-46375.7242 6755013.1121
-46300.4562 6755041.6357
-46221.5957 6755103.1257
-46142.7353 6755164.6158
-46064.2059 6755226.5274
-45981.1420 6755282.0279
-45916.1615 6755327.0451
-46004.0871 6755374.3081
-46082.2002 6755436.3351
-46147.1603 6755512.2657
-46204.7594 6755594.0114
-46263.5412 6755674.8270
-46332.5375 6755746.3341
-46418.1077 6755798.0809
-46503.9098 6755849.4315
-46591.1231 6755898.3502
-46677.5792 6755948.0978
-46753.7478 6756012.7243
-46822.7860 6756085.0684
-46890.5177 6756158.5877
-46951.9113 6756237.3725
-47003.4292 6756323.0322
-47045.6195 6756413.2721
-47068.1511 6756510.5997
-47080.8872 6756609.7787
-47087.9179 6756709.2874
-47065.2276 6756799.8526
-46974.9637 6756808.9257
-46879.9982 6756777.5958
-46785.0327 6756746.2660
-46699.6211 6756697.8301
-46641.2499 6756618.9805
-46596.1399 6756529.7348
-46551.4314 6756440.2857
-46482.4608 6756373.3940
-46393.1686 6756377.6489
-46350.4874 6756465.9727
-46336.8367 6756563.9608
-46397.1624 6756643.7155
-46457.0600 6756723.7366
-46497.3628 6756813.6844
-46475.1291 6756910.9449
-46433.6033 6757001.8780
-46396.1199 6757093.7857
-46318.5696 6757133.1650
-46223.2766 6757102.9303
-46135.4718 6757058.6166
-46070.9997 6756984.3818
-46028.2857 6756893.9962
-45986.2494 6756803.3334
-45939.5574 6756714.9037
-45892.6028 6756626.6129
-45828.8532 6756558.6986
-45736.7754 6756521.5227
-45651.2514 6756469.6995
-45589.0919 6756441.0216
-45659.2521 6756511.8054
-45712.0957 6756596.2881
-45745.8515 6756690.2210
-45767.1409 6756787.9285
-45784.6363 6756886.0479
-45782.3470 6756985.9021
-45771.1136 6757085.2583
-45767.5787 6757184.7428
-45785.9668 6757282.8484
-45815.4914 6757378.3906
-45838.2826 6757474.9191
-45845.3745 6757573.5162
-45892.8033 6757658.6223
-45967.7241 6757724.8558
-46044.8559 6757788.2805
-46129.0095 6757841.9531
-46217.7712 6757888.0113
-46306.5330 6757934.0695
-46398.3147 6757971.4525
-46496.8867 6757987.9493
-46592.2289 6758012.9768
-46675.9959 6758066.2294
-46743.6270 6758138.8211
-46792.6120 6758225.4160
-46817.1209 6758320.9271
-46811.4113 6758419.9532
-46791.5096 6758517.9528
-46771.6080 6758615.9524
-46752.2534 6758714.0595
-46727.8765 6758810.8174
-46691.1607 6758903.6250
-46647.1491 6758993.4127
-46602.0712 6759082.6763
-46603.0959 6759168.4025
-46664.3309 6759247.3471
-46729.4107 6759242.4458
-46794.6639 6759166.6697
-46860.2342 6759091.1688
-46938.1154 6759031.1233
-47031.6267 6759033.1505
-47124.5812 6759069.3927
-47203.2396 6759129.1376
-47269.9305 6759203.4361
-47327.4718 6759285.0491
-47382.1081 6759368.8039
-47467.1721 6759404.5985
-47562.6426 6759433.2270
-47643.1593 6759490.8381
-47717.2236 6759557.9908
-47790.5771 6759625.9560
-47869.2376 6759687.5719
-47945.6073 6759752.0726
-48011.7943 6759826.7693
-48073.6506 6759905.3315
-48134.9507 6759984.3398
-48190.5474 6760067.3936
-48234.2471 6760157.1557
-48274.1887 6760248.8300
-48334.6010 6760327.6679
-48417.5469 6760382.5990
-48493.8474 6760447.0151
-48566.2171 6760516.0115
-48638.2415 6760585.3837
-48711.7747 6760653.1499
-48783.5600 6760722.7625
-48831.6380 6760809.8825
-48845.5227 6760908.5016
-48854.9500 6761008.0546
-48867.1656 6761107.3024
-48882.7195 6761206.0816
-48898.5060 6761304.8277
-48933.1474 6761398.4841
-48962.2739 6761494.1328
-48937.7268 6761590.5385
-48889.0326 6761677.8130
-48879.0752 6761773.0094
-48916.9032 6761861.0906
-48900.8503 6761959.3978
-48859.0810 6762047.5160
-48775.0572 6762080.6763
-48678.3041 6762057.0219
-48584.1356 6762023.3724
-48489.7851 6762017.9172
-48394.8693 6762049.3820
-48297.3933 6762057.3551
-48198.7740 6762041.3970
-48101.7548 6762017.4551
-48009.3997 6761980.3098
-47921.2770 6761933.0899
-47833.8631 6761884.5236
-47744.6916 6761839.3722
-47654.8740 6761795.4261
-47570.5321 6761742.3629
-47490.0717 6761682.9816
-47410.8418 6761621.9945
-47335.7674 6761556.0744
-47263.1642 6761487.3083
-47190.6337 6761418.4657
-47118.3129 6761349.4029
-47046.1108 6761280.2158
-46974.7723 6761210.1470
-46911.7703 6761132.9868
-46865.6147 6761044.9118
-46823.5507 6760954.2600
-46773.6973 6760867.7096
-46720.2641 6760783.1821
-46639.6676 6760747.5017
-46540.0917 6760754.6144
-46440.6177 6760764.8187
-46342.2433 6760754.4160
-46244.5733 6760732.9567
-46150.1514 6760700.9885
-46104.2517 6760622.7380
-46123.5810 6760528.5254
-46172.3544 6760441.6479
-46226.5114 6760357.5837
-46280.9171 6760273.6789
-46322.9772 6760183.3641
-46318.8043 6760086.0095
-46302.6172 6759987.3283
-46255.9853 6760027.0409
-46219.9782 6760120.3334
-46185.4680 6760214.1686
-46153.5640 6760308.9422
-46096.0295 6760373.6162
-45999.6954 6760398.8354
-45906.5110 6760435.0810
-45832.6949 6760495.0688
-45777.2057 6760578.2080
-45692.9487 6760619.3547
-45596.7331 6760603.7049
-45503.7567 6760567.1702
-45409.5585 6760533.8052
-45316.9059 6760557.2263
-45248.6546 6760502.1851
-45295.5509 6760413.9209
-45345.7689 6760331.3418
-45258.4195 6760333.2175
-45158.9065 6760335.0218
-45058.9328 6760332.7306
-44958.9558 6760334.1319
-44904.3759 6760366.6692
-44981.9673 6760429.7530
-45059.2962 6760493.1542
-45135.0665 6760558.3845
-45207.8923 6760626.8951
-45272.1274 6760702.2014
-45290.6063 6760793.0252
-45242.1289 6760878.6458
-45173.7445 6760951.6086
-45100.2713 6761018.6572
-45016.7609 6761020.7965
-44930.5645 6760970.1884
-44837.7891 6760935.7082
-44740.0730 6760914.4584
-44642.3568 6760893.2086
-44543.6714 6760878.3778
-44448.2707 6760895.8891
-44353.2528 6760925.5558
-44255.3057 6760945.6817
-44157.8585 6760940.7424
-44105.5934 6760867.2505
-44083.1330 6760770.0618
-44065.0388 6760671.7124
-44043.0664 6760574.1892
-44016.2388 6760477.8792
-43988.0826 6760381.9249
-43965.5855 6760419.1267
-43958.5156 6760518.7416
-43944.2316 6760617.6911
-43927.8897 6760716.3468
-43934.6272 6760813.7541
-43966.0644 6760908.5865
-43992.6119 6761004.6647
-43970.9472 6761094.7416
-43892.3538 6761146.9459
-43794.4947 6761164.5760
-43694.9168 6761162.7446
-43595.8451 6761149.5418
-43498.5083 6761127.2780
-43413.8317 6761078.3687
-43337.3422 6761013.9532
-43261.0247 6760949.3343
-43187.9395 6760881.1902
-43117.1590 6760810.5496
-43049.3453 6760737.1298
-42990.5649 6760656.5617
-42951.5475 6760565.4956
-42927.6043 6760468.4922
-42906.9830 6760370.6415
-42882.8301 6760273.6490
-42842.7681 6760182.8015
-42793.7156 6760095.6588
-42742.7626 6760009.6323
-42683.7575 6759929.1796
-42621.2768 6759851.1087
-42568.8408 6759766.4426
-42545.7440 6759670.9618
-42536.5469 6759571.3857
-42500.8375 6759480.5141
-42423.6260 6759420.8434
-42329.6944 6759388.6145
-42241.8654 6759342.4412
-42173.0048 6759270.8063
-42108.1592 6759194.6824
-42039.7844 6759121.7445
-42076.4334 6759182.6012
-42144.0354 6759256.1275
-42199.7364 6759338.4263
-42199.4200 6759418.6930
-42108.3889 6759448.2686
-42022.7167 6759411.9816
-41955.1197 6759338.8723
-41893.1696 6759260.3757
-41831.6151 6759181.5655
-41745.3772 6759156.1622
-41646.8506 6759171.7185
-41548.8574 6759191.6517
-41450.5072 6759209.7024
-41351.6121 6759224.4374
-41252.5606 6759238.1776
-41160.1352 6759210.3167
-41078.8267 6759152.8716
-41001.4069 6759089.5833
-40926.7898 6759023.0446
-40864.8292 6758945.0945
-40809.2703 6758861.9653
-40754.5051 6758778.2947
-40683.5737 6758708.9170
-40586.6973 6758703.8788
-40487.6751 6758691.3188
-40389.6174 6758671.7862
-40296.9646 6758634.7223
-40210.9013 6758583.9992
-40123.1608 6758536.0537
-40035.1273 6758488.6184
-39936.6234 6758477.5743
-39840.2724 6758451.0879
-39746.4255 6758416.5633
-39652.6109 6758381.9392
-39553.0686 6758390.0639
-39454.0691 6758404.1725
-39355.0704 6758418.2882
-39255.5771 6758427.8499
-39160.6489 6758396.9028
-39085.1582 6758331.3276
-39013.6118 6758261.6698
-38925.7951 6758213.8512
-38841.2282 6758160.4805
-38756.6613 6758107.1098
-38672.0137 6758053.8730
-38585.2014 6758004.2488
-38496.0244 6757959.0093
-38409.1468 6757909.5031
-38325.3046 6757855.0014
-38242.3038 6757799.2480
-38164.4820 6757736.6316
-38103.9142 6757657.2660
-38063.3043 6757565.8933
-38027.7291 6757472.4353
-37991.0198 6757379.5541
-37935.2214 6757296.7373
-37865.4695 6757225.0806
-37796.0861 6757153.0869
-37731.3828 6757076.8667
-37671.9989 6756996.4098
-37613.9135 6756915.0090
-37555.9837 6756833.4999
-37499.9190 6756750.6959
-37445.2971 6756666.9318
-37391.1458 6756582.8639
-37338.5059 6756497.8424
-37288.2252 6756411.4316
-37244.9522 6756321.2920
-37206.2252 6756229.0954
-37165.6449 6756137.9715
-37104.3588 6756058.9880
-37038.8548 6755983.5382
-36983.1860 6755900.4907
-36932.4958 6755814.2909
-36882.6035 6755727.6263
-36831.9667 6755641.4312
-36775.3466 6755559.0048
-36719.0778 6755476.3420
-36660.5453 6755395.2717
-36599.2303 6755316.2750
-36537.1738 6755237.9064
-36470.8101 6755163.2800
-36416.3859 6755079.4119
-36366.6354 6754992.6657
-36315.3739 6754906.9451
-36253.1352 6754828.6741
-36190.9765 6754750.3401
-36129.3953 6754671.5508
-36066.5330 6754593.9151
-35994.3597 6754524.7045
-35920.4729 6754457.3194
-35848.5503 6754388.1880
-35791.2591 6754306.2830
-35740.6804 6754220.0177
-35690.7578 6754133.3704
-35638.1553 6754048.7728
-35568.0353 6753977.4919
-35500.7449 6753903.5194
-35434.0399 6753829.0193
-35368.1460 6753753.7997
-35302.7067 6753678.1944
-35239.8416 6753600.4273
-35178.2134 6753521.6782
-35118.5064 6753441.4704
-35065.0281 6753357.5501
-35041.0074 6753262.0596
-35066.0532 6753166.3485
-35110.9634 6753082.6177
-35070.4245 6752992.7120
-35014.6577 6752909.9506
-34965.3736 6752822.9411
-34914.5696 6752736.8157
-34862.4642 6752651.4634
-34795.3089 6752583.6614
-34700.4797 6752553.4894
-34602.3949 6752534.0117
-34504.2273 6752514.9626
-34405.2289 6752502.8981
-34305.5966 6752495.4154
-34206.5534 6752481.7226
-34113.2045 6752450.7948
-34026.6295 6752400.7472
-33939.2482 6752352.1567
-33847.6097 6752313.2524
-33757.7042 6752271.9591
-33675.6465 6752214.8390
-33594.8114 6752155.9689
-33508.6911 6752106.5336
-33412.3109 6752088.7715
-33314.9785 6752072.3023
-33220.2316 6752040.3361
-33125.9351 6752007.0490
-33031.9960 6751972.7705
-32938.2610 6751937.9316
-32844.2649 6751903.8103
-32752.4107 6751864.6671
-32672.8339 6751806.2095
-32607.3430 6751730.9679
-32546.4311 6751651.6601
-32487.4702 6751570.9186
-32440.3171 6751483.3320
-32416.0151 6751387.2291
-32407.7287 6751287.6735
-32403.1680 6751187.7776
-32398.4201 6751087.8905
-32396.7756 6750987.9406
-32408.7531 6750889.1167
-32436.8727 6750793.4087
-32470.5190 6750699.2390
-32501.6643 6750604.2373
-32535.0571 6750510.0381
-32589.2663 6750427.7604
-32668.2629 6750368.4814
-32760.0030 6750329.8176
-32857.2630 6750307.9734
-32956.5123 6750296.1705
-33056.0653 6750286.7256
-33148.2531 6750252.8981
-33230.0019 6750195.8661
-33301.5779 6750126.4115
-33384.8355 6750073.6676
-33481.4961 6750050.5508
-33578.5688 6750026.7393
-33675.2990 6750001.3765
-33772.0292 6749976.0137
-33812.9433 6749894.0754
-33845.8910 6749799.7173
-33885.4642 6749707.9214
-33926.3150 6749616.6460
-33966.8034 6749525.2094
-33995.5404 6749429.6286
-34021.2718 6749332.9958
-34044.9969 6749235.8565
-34068.2208 6749138.5906
-34089.5852 6749040.9041
-34083.9864 6748941.9304
-34071.8759 6748842.6665
-34060.7139 6748743.2925
-34062.2352 6748643.4939
-34069.6189 6748543.7766
-34111.0554 6748454.3374
-34165.7693 6748370.6914
-34221.8912 6748287.9247
-34282.6027 6748208.5099
-34359.7318 6748145.7070
-34440.2339 6748086.3824
-34509.6655 6748014.8316
-34536.0634 6747919.9546
-34563.7514 6747823.9058
-34600.5706 6747751.4915
