COAST
1
46 1
-49708.1002 6761353.8339
-49612.9419 6761323.0947
-49539.1808 6761255.5723
-49466.8714 6761186.4973
-49394.6585 6761117.3451
-49343.2209 6761031.5904
-49296.2023 6760943.3337
-49249.4769 6760854.9688
-49227.9242 6760757.3191
-49207.8784 6760659.3545
-49196.2660 6760560.0870
-49157.1653 6760468.0510
-49112.0661 6760378.9810
-49039.8339 6760309.8447
-48973.8881 6760234.6706
-48907.9423 6760159.4964
-48841.1100 6760085.5412
-48751.5828 6760042.8112
-48691.7218 6759964.3404
-48671.4643 6759866.7169
-48676.1399 6759768.0065
-48725.3770 6759695.9577
-48816.3342 6759735.8691
-48896.1332 6759796.1354
-48975.5666 6759856.8835
-49055.0419 6759917.5766
-49134.6919 6759978.0405
-49212.8553 6760012.2652
-49261.7240 6759928.5049
-49327.9554 6759868.2951
-49372.4741 6759928.5730
-49381.7659 6760027.6634
-49385.0500 6760127.6095
-49390.2576 6760227.4666
-49404.1739 6760326.3683
-49421.1616 6760424.9149
-49449.3171 6760520.6018
-49495.2366 6760609.0156
-49530.9526 6760701.9719
-49562.5480 6760796.8488
-49595.3137 6760891.3266
-49628.3929 6760985.6970
-49661.4721 6761080.0673
-49695.6015 6761174.0609
-49714.9668 6761271.7738
-49708.1002 6761353.8339
