COAST
1
1329 1
-48919.5908 6758322.9779
-48820.6276 6758308.6154
-48721.5844 6758294.8348
-48621.6712 6758298.5882
-48522.0429 6758291.7676
-48446.8952 6758229.2380
-48386.9869 6758149.2075
-48296.1359 6758117.1935
-48196.3655 6758113.4646
-48096.8525 6758122.9462
-47997.2179 6758118.7590
-47898.5854 6758102.8256
-47804.3799 6758073.8279
-47729.9421 6758007.7955
-47687.9384 6757917.0678
-47646.3639 6757828.1345
-47667.5097 6757730.5111
-47687.0985 6757633.9849
-47667.2576 6757535.9730
-47599.5683 6757484.5652
-47500.4909 6757471.0138
-47427.2273 6757433.4272
-47437.9441 6757334.0049
-47443.9874 6757234.5093
-47429.0716 6757135.7017
-47423.2227 6757037.0250
-47483.3022 6756964.1792
-47579.7456 6756939.2071
-47661.2847 6756972.6655
-47694.0546 6757067.0595
-47723.8954 6757162.5033
-47764.4847 6757253.7003
-47806.9364 6757344.2218
-47793.1182 6757439.0222
-47843.5009 6757515.3846
-47914.7056 6757585.2794
-48007.5021 6757584.4016
-48098.4982 6757542.9321
-48163.2061 6757468.4147
-48162.4695 6757379.6861
-48125.2360 6757287.2918
-48130.9137 6757189.2870
-48187.3227 6757108.4636
-48244.6385 6757028.2637
-48315.9739 6757029.1188
-48380.6920 6757105.2263
-48411.1846 6757198.1365
-48419.0649 6757297.8223
-48452.8546 6757389.8634
-48478.0296 6757478.9151
-48439.7417 6757551.8530
-48485.8501 6757639.3447
-48529.6210 6757728.3851
-48591.7185 6757806.7681
-48673.2338 6757810.7960
-48727.2188 6757735.0744
-48725.9567 6757635.1829
-48769.6670 6757550.7549
-48838.3705 6757478.2246
-48896.5455 6757396.8978
-48962.3429 6757321.8775
-49039.1583 6757257.8611
-49067.6803 6757163.8810
-49083.5662 6757065.1549
-49045.8245 6756996.3013
-48987.2048 6756934.3039
-49024.9979 6756845.8536
-49114.4099 6756841.7077
-49194.1173 6756849.8619
-49207.9226 6756750.9219
-49138.0035 6756705.9460
-49048.1537 6756701.5719
-48993.4239 6756619.0959
-48944.0672 6756532.1641
-48886.2436 6756450.6148
-48832.1705 6756366.8231
-48833.2575 6756272.7283
-48801.8692 6756180.9366
-48749.4324 6756097.4973
-48659.4701 6756055.9943
-48584.0867 6755991.3387
-48532.6666 6755905.6604
-48486.5342 6755816.9613
-48439.4555 6755728.7368
-48369.4901 6755663.9843
-48310.8454 6755583.1216
-48267.5154 6755493.1054
-48227.6086 6755401.4155
-48174.2889 6755317.5887
-48090.3753 6755282.3925
-48013.5807 6755227.9007
-47961.1896 6755142.7280
-47904.5498 6755060.8677
-47844.0046 6754982.8119
-47812.8339 6754887.8258
-47787.2734 6754791.1872
-47749.3488 6754704.8932
-47684.5536 6754633.9332
-47643.2868 6754542.8477
-47591.0222 6754457.9215
-47533.8232 6754375.9010
-47485.5257 6754288.7810
-47442.5550 6754199.8900
-47357.6933 6754150.6693
-47288.1068 6754080.1545
-47220.7462 6754006.6915
-47144.7109 6753942.1672
-47081.7617 6753864.5563
-47019.8642 6753786.0336
-46954.8959 6753710.0159
-46884.8518 6753638.7386
-46818.7524 6753563.8604
-46753.5228 6753488.2983
-46678.7167 6753421.9653
-46604.8454 6753354.5771
-46527.0180 6753293.2820
-46432.2133 6753263.9774
-46344.6954 6753221.8623
-46278.4869 6753147.0205
-46212.2296 6753072.2092
-46141.0605 6753001.9641
-46069.1778 6752932.4595
-45995.2341 6752865.1384
-45931.0780 6752789.3236
-45906.5888 6752694.1210
-45955.4018 6752609.7766
-45927.4932 6752520.0572
-45883.0547 6752430.4737
-45863.8887 6752333.4103
-45849.6125 6752234.4927
-45777.4403 6752204.6599
-45724.9164 6752123.2190
-45688.4576 6752030.1026
-45659.5337 6751934.5881
-45637.6779 6751837.0189
-45610.4428 6751764.7527
-45538.4152 6751819.7804
-45467.5970 6751753.4779
-45428.5080 6751662.1590
-45423.2865 6751562.9213
-45428.1771 6751463.4406
-45435.4448 6751365.4027
-45473.7982 6751273.0554
-45530.6395 6751200.8188
-45625.9189 6751223.8581
-45703.3632 6751221.0735
-45761.2406 6751151.9693
-45837.1850 6751094.7045
-45876.9961 6751003.6101
-45898.0265 6750906.1380
-45883.3447 6750807.7399
-45864.9811 6750709.4406
-45905.3780 6750636.8415
-45998.3549 6750670.5210
-45957.2225 6750579.3724
-45910.1459 6750491.3315
-45865.7060 6750401.7488
-45818.6586 6750313.7444
-45736.5309 6750256.6987
-45672.2352 6750182.1332
-45634.2866 6750089.6232
-45618.2486 6749991.8607
-45628.8814 6749892.4277
-45603.0566 6749829.4652
-45511.1513 6749837.7069
-45446.7266 6749762.7104
-45397.5127 6749676.1286
-45366.6539 6749581.0605
-45328.0585 6749490.2394
-45258.6315 6749418.4830
-45199.4320 6749339.4235
-45166.3666 6749245.1103
-45089.3312 6749188.5587
-45042.4953 6749231.1172
-45056.5808 6749329.2149
-45118.1347 6749407.9961
-45158.4179 6749498.8799
-45187.9843 6749594.3174
-45248.4669 6749673.0908
-45315.5454 6749747.0918
-45348.7492 6749839.9188
-45343.6913 6749939.6160
-45329.4203 6750038.4784
-45324.5920 6750137.9436
-45354.7470 6750233.1146
-45338.6945 6750329.5006
-45296.9257 6750420.1902
-45276.0149 6750517.9757
-45266.3420 6750617.2581
-45262.9167 6750717.1969
-45245.0940 6750814.8362
-45187.9923 6750895.1406
-45094.0070 6750928.8213
-45026.3072 6750992.2274
-44958.4002 6751063.3056
-44876.8588 6751121.1933
-44879.4693 6751198.0139
-44965.3492 6751230.9201
-45054.4134 6751270.2202
-45125.2526 6751225.8569
-45203.4906 6751164.0389
-45280.4027 6751188.6544
-45302.0381 6751286.0184
-45339.5744 6751376.7388
-45372.8162 6751469.3638
-45364.6424 6751568.0659
-45334.1740 6751663.1665
-45284.0185 6751749.3551
-45232.4103 6751834.5584
-45203.7147 6751929.9787
-45168.3611 6752023.4434
-45137.3928 6752118.5274
-45050.5532 6752121.4403
-45007.6311 6752039.5239
-45036.4701 6751944.2400
-45061.7077 6751847.7642
-45026.0772 6751756.1784
-45006.7868 6751658.1210
-44998.9945 6751558.4366
-44926.6888 6751513.1669
-44850.0464 6751568.0307
-44797.8125 6751652.6521
-44759.0431 6751744.8291
-44714.5280 6751833.4612
-44624.2971 6751859.5846
-44551.1773 6751802.9892
-44471.2721 6751742.9884
-44389.1270 6751708.7974
-44294.6241 6751728.1019
-44210.0525 6751678.5271
-44135.9887 6751611.4666
-44057.1398 6751549.9634
-43967.7057 6751506.5810
-43877.2275 6751464.5520
-43791.4897 6751413.0867
-43697.8295 6751379.4253
-43608.7411 6751336.3161
-43535.0317 6751268.8422
-43455.6717 6751208.5055
-43380.8563 6751142.7925
-43312.0930 6751070.2252
-43252.4074 6750990.0948
-43197.1822 6750906.8122
-43157.5917 6750815.3009
-43179.0278 6750725.2560
-43271.3580 6750723.9719
-43357.6488 6750773.9962
-43433.2638 6750839.3069
-43519.9744 6750817.3952
-43598.7525 6750756.4753
-43557.0565 6750669.4795
-43505.3857 6750583.9424
-43474.3002 6750490.0727
-43468.7674 6750390.2386
-43443.0267 6750294.9741
-43409.6788 6750201.1821
-43401.0665 6750102.2584
-43431.7654 6750007.5427
-43456.9220 6749914.2580
-43424.9479 6749819.5085
-43393.3143 6749724.9262
-43383.3869 6749625.5300
-43395.6801 6749527.4478
-43432.6724 6749434.5514
-43461.7685 6749339.2154
-43455.4802 6749253.2870
-43361.4506 6749275.4009
-43343.9771 6749369.6086
-43334.9119 6749469.0933
-43326.8940 6749568.6202
-43278.5014 6749655.2956
-43228.0329 6749739.9770
-43166.0469 6749818.1724
-43090.8375 6749862.6008
-42997.0101 6749829.7600
-42910.6875 6749866.2027
-42823.1294 6749821.1577
-42778.9671 6749896.8197
-42753.0502 6749993.3958
-42768.8918 6750089.8881
-42765.4313 6750175.3976
-42677.8630 6750140.9316
-42605.0302 6750072.6050
-42540.2106 6749996.4867
-42469.1161 6749927.3565
-42384.8395 6749911.2150
-42446.4867 6749989.8668
-42526.3612 6750048.6075
-42592.4518 6750122.5426
-42651.8369 6750202.9768
-42686.4340 6750294.6346
-42688.1573 6750394.5883
-42671.3721 6750492.5183
-42620.5831 6750578.2056
-42550.4544 6750643.9416
-42450.8916 6750638.1739
-42351.4726 6750627.4362
-42258.1141 6750596.3813
-42176.3607 6750546.3664
-42200.9576 6750607.0032
-42277.0550 6750671.8017
-42347.7195 6750742.5454
-42375.6359 6750832.7273
-42288.5863 6750822.5420
-42212.8272 6750757.6819
-42140.4670 6750688.6950
-42066.3271 6750621.5893
-41980.2211 6750570.8460
-41897.4253 6750515.1058
-41830.8599 6750440.5420
-41762.4409 6750367.6139
-41690.9742 6750297.7607
-41617.1734 6750230.2833
-41556.0298 6750151.6829
-41545.8479 6750052.3768
-41492.4557 6749968.1316
-41419.2660 6749904.4618
-41337.3056 6749847.3737
-41266.8786 6749776.3835
-41184.7859 6749719.7053
-41118.4059 6749644.9546
-41051.9923 6749570.2567
-40975.8593 6749506.3567
-40929.1512 6749417.9502
-40876.2512 6749333.0922
-40826.9268 6749246.4112
-40758.7016 6749173.9929
-40664.3465 6749143.9475
-40573.0611 6749103.1622
-40482.7544 6749060.8689
-40384.9609 6749040.3983
-40293.5454 6749001.6028
-40243.2879 6748922.8709
-40230.5708 6748823.8364
-40202.3790 6748730.6646
-40135.0490 6748656.8947
-40090.6783 6748568.2065
-40039.5912 6748483.4882
-39974.6662 6748407.6618
-39911.6845 6748330.1568
-39833.7922 6748268.3149
-39828.7772 6748178.4579
-39866.2003 6748085.7244
-39892.0782 6747991.2620
-39876.6390 6747892.5792
-39814.2463 6747818.8185
-39757.3186 6747738.0832
-39747.7573 6747639.6328
-39712.2130 6747587.9167
-39641.8310 6747634.1585
-39549.5916 6747633.4032
-39529.4651 6747699.0515
-39574.4685 6747786.0512
-39624.3138 6747868.1929
-39598.9506 6747964.2665
-39557.8760 6748053.3238
-39493.0416 6748128.9555
-39415.5819 6748117.7390
-39341.0116 6748051.5174
-39247.9984 6748035.0783
-39172.0772 6747970.5707
-39101.4118 6747900.0967
-39062.9288 6747808.3450
-39015.6382 6747776.7832
-38975.3453 6747868.2965
-38909.1675 6747940.8968
-38885.7935 6748030.2329
-38863.7907 6748125.2005
-38777.8942 6748130.2194
-38694.0821 6748076.1076
-38613.7044 6748016.6148
-38520.3291 6748013.0212
-38428.2153 6747975.8177
-38380.8917 6747890.9584
-38362.9917 6747792.8069
-38327.4447 6747701.0026
-38264.2753 6747623.7356
-38190.7819 6747556.4326
-38108.3372 6747501.7699
-38046.2208 6747423.5837
-37980.3236 6747348.4073
-37898.2011 6747293.7547
-37844.4278 6747209.8053
-37789.8403 6747126.1082
-37761.8492 6747030.6735
-37723.8967 6746940.8019
-37671.4363 6746855.8449
-37625.2079 6746767.1722
-37551.2637 6746700.3111
-37475.3499 6746635.2529
-37403.4467 6746565.8441
-37334.6012 6746493.3163
-37236.3444 6746501.8992
-37150.0797 6746456.6369
-37074.2734 6746391.4190
-37011.0861 6746315.2607
-36998.7398 6746219.0065
-36990.9227 6746122.3942
-36907.6729 6746087.1610
-36822.3166 6746097.1167
-36752.7521 6746025.4262
-36697.2311 6745943.1108
-36662.2689 6745849.4388
-36619.9020 6745759.1797
-36570.1096 6745672.5161
-36509.2086 6745601.5630
-36412.4306 6745620.7431
-36340.9355 6745686.3750
-36260.6959 6745744.1029
-36178.3425 6745800.7158
-36117.2068 6745853.0197
-36065.5840 6745770.6124
-36042.1679 6745673.6994
-36044.3330 6745573.8134
-36048.7439 6745473.9158
-36049.4769 6745373.9198
-36062.7112 6745274.9888
-36103.5253 6745184.9222
-36186.8408 6745160.1424
-36266.8756 6745149.2866
-36283.3593 6745050.8337
-36293.7370 6744954.6481
-36201.4892 6744939.2483
-36105.0493 6744948.0347
-36026.5341 6744891.0647
-35996.2411 6744797.7702
-36006.9389 6744698.6266
-36052.1860 6744610.1419
-36097.6290 6744521.1264
-36101.4668 6744422.4938
-36151.8493 6744337.3283
-36160.6888 6744256.2954
-36083.9443 6744200.5780
-36046.9877 6744108.0556
-36023.6175 6744010.8286
-36052.7972 6743926.3520
-36143.1648 6743937.8833
-36220.3275 6744000.6997
-36264.6796 6743944.6093
-36221.1560 6743855.1987
-36185.9752 6743761.8245
-36144.8987 6743671.8809
-36095.2044 6743586.6091
-36104.8176 6743490.2233
-36133.0533 6743394.4855
-36154.3745 6743296.9196
-36157.2524 6743197.0912
-36116.1879 6743108.5409
-36049.2535 6743034.3583
-35973.2069 6743030.1079
-35898.9943 6743096.9924
-35825.4044 6743052.7752
-35775.9778 6742966.0638
-35719.4611 6742884.9498
-35695.0890 6742787.9806
-35672.7500 6742690.5455
-35670.5916 6742591.0506
-35678.9884 6742491.6161
-35678.8195 6742392.1153
-35686.6229 6742292.4213
-35696.0570 6742193.0058
-35720.9931 6742096.1651
-35728.5839 6741998.3391
-35676.9688 6741913.4052
-35616.2823 6741834.1266
-35533.0719 6741794.0805
-35530.1577 6741700.3430
-35573.6287 6741665.8745
-35647.5865 6741719.9555
-35714.8762 6741790.8690
-35778.2316 6741861.6974
-35875.0473 6741842.4767
-35962.9149 6741853.4382
-35950.1582 6741754.6114
-36004.8366 6741709.8421
-36057.2477 6741794.8887
-36107.0412 6741881.6102
-36147.1244 6741972.8830
-36186.5639 6742064.1157
-36256.6943 6742048.9791
-36278.4618 6741958.0168
-36260.2364 6741859.7951
-36261.0596 6741760.0570
-36271.3543 6741660.6012
-36271.1163 6741560.6959
-36254.7194 6741462.2811
-36245.0278 6741362.9006
-36244.2432 6741263.1998
-36255.8153 6741163.8732
-36273.0029 6741065.6096
-36301.6434 6740969.8016
-36304.1085 6740872.8754
-36272.2736 6740778.0854
-36242.7818 6740683.0045
-36264.3150 6740587.1580
-36293.2755 6740491.5553
-36300.6682 6740392.2246
-36307.7436 6740292.5153
-36285.6225 6740195.8063
-36242.2059 6740107.5339
-36190.2185 6740022.2961
-36138.2837 6739936.9951
-36095.3531 6739847.0957
-36078.1164 6739749.2622
-36081.1900 6739649.3379
-36080.8323 6739549.4896
-36082.7065 6739450.0498
-36097.8770 6739351.2073
-36116.5785 6739252.9799
-36089.2043 6739176.7098
-36033.2908 6739218.9311
-36017.0567 6739317.5544
-36012.9140 6739416.4030
-35937.6143 6739390.9291
-35876.0129 6739313.6608
-35855.1834 6739216.3366
-35844.9527 6739117.1219
-35864.9060 6739019.6524
-35883.4620 6738921.8727
-35871.7674 6738822.8227
-35867.3973 6738723.0047
-35852.2065 6738629.9404
-35796.9363 6738549.5500
-35767.5983 6738453.9504
-35703.2899 6738379.8917
-35650.0332 6738296.8741
-35634.4017 6738198.9533
-35637.1174 6738098.9973
-35632.5462 6737999.1596
-35606.6246 6738055.6069
-35605.0270 6737956.1563
-35617.0593 6737857.2148
-35570.6676 6737784.9502
-35577.0427 6737686.0506
-35595.9498 6737587.9192
-35585.4596 6737494.8847
-35530.3910 6737411.6371
-35524.8929 6737316.0997
-35561.2671 6737222.9828
-35566.5558 6737123.5314
-35572.1552 6737023.8821
-35586.1477 6736924.8665
-35630.4198 6736835.7748
-35668.2389 6736743.2392
-35732.4182 6736687.3242
-35832.0244 6736696.1902
-35918.9979 6736667.1534
-35987.1376 6736594.9587
-36051.2151 6736627.9501
-36057.3457 6736727.6807
-36041.2030 6736824.6866
-35986.7482 6736908.2115
-35926.2141 6736985.1778
-35833.9294 6737023.6944
-35747.9447 6737073.2715
-35693.7525 6737145.0188
-35760.5578 6737218.7517
-35823.4928 6737295.2981
-35874.0312 6737380.0473
-35968.8785 6737394.0250
-36066.0706 6737381.8608
-36160.9236 6737351.6785
-36248.8786 6737314.8201
-36319.6448 6737244.3387
-36396.2512 6737226.8706
-36459.7908 6737169.5974
-36496.4406 6737076.6546
-36522.5652 6736980.2901
-36582.5990 6736902.2610
-36654.5113 6736832.8010
-36743.9495 6736795.8207
-36826.1298 6736750.8950
-36876.6875 6736668.8634
-36973.9687 6736658.1100
-37073.7660 6736652.8895
-37120.2161 6736721.4341
-37113.9523 6736821.2154
-37149.4050 6736761.7984
-37176.1684 6736666.3461
-37224.0209 6736582.9496
-37300.5931 6736518.7190
-37394.9302 6736489.8636
-37454.2445 6736440.4648
-37495.0734 6736364.3550
-37587.6701 6736396.8707
-37677.6399 6736440.1857
-37768.7146 6736420.4153
-37817.7087 6736346.6731
-37817.4611 6736248.1397
-37837.9704 6736150.3616
-37879.1414 6736062.0041
-37948.7960 6735990.2594
-38032.4170 6735939.2519
-38101.6726 6735985.0666
-38110.1379 6736084.6100
-38185.5701 6736100.0516
-38265.5102 6736042.6683
-38332.3763 6735968.3118
-38304.2059 6735881.4288
-38302.2398 6735798.2216
-38398.1877 6735798.8523
-38492.9923 6735803.2174
-38577.5455 6735794.1103
-38648.3471 6735862.3880
-38693.7652 6735784.7676
-38735.5686 6735694.3375
-38821.8185 6735647.8466
-38916.6591 6735663.3591
-38938.0777 6735751.9435
-38867.1018 6735784.2174
-38911.6871 6735873.7241
-38933.8234 6735968.6097
-38885.7641 6736053.4368
-38835.5415 6736126.3886
-38907.5398 6736193.5501
-38990.2751 6736249.2070
-39057.6718 6736282.5536
-39006.3180 6736368.0493
-38922.5965 6736402.4739
-38842.3109 6736370.7263
-38855.8994 6736466.8971
-38929.0928 6736532.0979
-39017.9221 6736573.7266
-39113.0646 6736569.0081
-39180.1112 6736495.3334
-39091.1604 6736469.9537
-39100.9852 6736387.7417
-39186.1478 6736339.9529
-39280.5368 6736310.4023
-39343.0351 6736233.0615
-39425.6477 6736216.4682
-39501.9254 6736281.0231
-39514.0153 6736231.2046
-39563.1302 6736218.3638
-39606.8521 6736308.0431
-39645.5825 6736241.9117
-39650.3787 6736142.4415
-39608.0553 6736053.6933
-39572.8572 6735961.3934
-39574.4025 6735861.8938
-39640.0909 6735809.4737
-39729.0437 6735853.1827
-39816.7707 6735901.1007
-39904.4346 6735949.1875
-39989.8421 6736001.0462
-40071.5360 6736058.7152
-40132.6684 6736137.0176
-40201.8130 6736206.4022
-40292.3514 6736247.5027
-40272.9965 6736208.3385
-40198.2299 6736142.0758
-40117.8571 6736083.6226
-40051.5591 6736008.7590
-40001.3643 6735925.2917
-40006.1439 6735825.9143
-39945.5668 6735764.0765
-39906.0090 6735673.0606
-39883.9031 6735575.6495
-39885.1234 6735478.6201
-39928.6015 6735388.6822
-39977.3028 6735301.4834
-40053.0352 6735237.1043
-40124.7063 6735168.1135
-40197.9955 6735100.8194
-40291.8967 6735105.6079
-40306.4831 6735197.5928
-40287.6175 6735295.6299
-40300.4025 6735394.5883
-40398.0468 6735396.2021
-40493.6539 6735424.9100
-40548.4540 6735502.7782
-40579.8697 6735597.6873
-40630.6010 6735683.8371
-40685.4385 6735767.4419
-40734.7375 6735854.4409
-40776.2908 6735944.2538
-40743.3247 6736037.8322
-40710.0825 6736131.6408
-40784.0989 6736184.8425
-40829.2641 6736261.9128
-40797.3735 6736355.0212
-40731.5042 6736430.0056
-40702.2750 6736520.7026
-40753.9125 6736594.2920
-40830.4002 6736654.6055
-40871.0896 6736745.6430
-40904.8748 6736839.7069
-40913.6191 6736938.8260
-40913.6664 6737038.8124
-40922.1205 6737138.4193
-40934.4478 6737237.6339
-40951.6875 6737336.0919
-40960.3234 6737435.6962
-40981.8207 6737533.1495
-41008.2328 6737629.5971
-41042.1760 6737723.5938
-41101.7921 6737695.5391
-41194.2484 6737683.8861
-41282.4916 6737729.6132
-41372.7263 6737765.5186
-41437.3075 6737818.5709
-41405.0636 6737911.2662
-41379.7110 6738006.7060
-41365.5852 6738105.4705
-41363.7347 6738204.6010
-41378.7993 6738303.3991
-41368.9824 6738402.2335
-41347.5231 6738499.8546
-41339.6668 6738599.4397
-41361.9351 6738695.6740
-41386.2117 6738792.4731
-41432.3309 6738873.0598
-41503.9557 6738941.3498
-41523.0897 6739037.0360
-41520.9070 6739137.0122
-41512.1621 6739236.4727
-41503.5612 6739335.5273
-41510.5316 6739432.8921
-41472.6119 6739525.0313
-41414.3681 6739605.8731
-41328.0633 6739654.6610
-41234.8198 6739690.7560
-41149.0915 6739738.4937
-41104.9338 6739827.6829
-41014.9882 6739852.3431
-40916.8160 6739833.3960
-40825.1158 6739795.9776
-40733.3759 6739788.2722
-40635.9326 6739765.8044
-40556.3775 6739717.4799
-40457.8030 6739733.0318
-40371.2496 6739760.9927
-40393.4415 6739858.3656
-40364.9770 6739949.5994
-40295.2085 6740020.9218
-40230.9025 6740096.7729
-40168.3030 6740171.3481
-40072.5848 6740164.5238
-39979.7853 6740141.4064
-39902.9852 6740203.4156
-39848.2863 6740286.1613
-39795.4024 6740369.1504
-39701.1992 6740389.5386
-39602.7022 6740374.8323
-39509.6430 6740338.5820
-39416.2274 6740303.8386
-39317.8332 6740290.2190
-39330.0237 6740379.4994
-39405.7658 6740438.1384
-39487.3821 6740495.8873
-39584.9577 6740517.3218
-39678.2847 6740553.2155
-39771.4170 6740589.1003
-39771.2190 6740617.3283
-39675.3425 6740645.6740
-39595.3381 6740686.8423
-39596.9897 6740786.7352
-39629.3751 6740852.5520
-39727.9993 6740869.0147
-39825.1395 6740892.6555
-39921.8726 6740918.0068
-39996.5805 6740965.2356
-39997.8113 6741064.1430
-39998.0213 6741163.1097
-40060.4725 6741240.4647
-40156.8999 6741224.9120
-40256.7857 6741227.4136
-40353.0214 6741248.3868
-40378.8046 6741340.7626
-40344.8310 6741434.7777
-40388.9143 6741503.1860
-40480.5718 6741542.3384
-40552.1984 6741610.5222
-40614.5340 6741594.9602
-40681.5412 6741521.9564
-40773.3686 6741482.6918
-40865.4406 6741443.9489
-40952.2870 6741394.3753
-41040.7081 6741347.6981
-41126.8393 6741297.2408
-41212.1849 6741286.0252
-41266.8300 6741369.2560
-41329.1047 6741445.9505
-41381.1673 6741531.3265
-41440.1988 6741610.7994
-41508.6013 6741683.1680
-41554.4807 6741696.1378
-41556.6967 6741596.1889
-41568.9890 6741496.9921
-41610.9675 6741408.8098
-41695.1017 6741357.6878
-41794.1462 6741355.8883
-41835.5903 6741434.5453
-41895.7392 6741511.7134
-41995.2981 6741520.2165
-42086.0677 6741485.6842
-42181.9748 6741460.2650
-42280.9485 6741446.1593
-42374.7632 6741469.3266
-42466.4396 6741503.1423
-42565.9847 6741507.9618
-42620.1526 6741437.7600
-42673.5305 6741357.0544
-42767.8000 6741325.4746
-42865.7802 6741307.1706
-42937.5791 6741357.7619
-42997.5619 6741429.4935
-43089.1111 6741469.7271
-43184.5032 6741453.5055
-43255.7029 6741516.8931
-43331.0458 6741582.3793
-43387.1619 6741530.9003
-43371.8331 6741436.1952
-43352.8019 6741338.5325
-43335.0007 6741240.1872
-43315.4786 6741143.4649
-43335.8387 6741045.7946
-43395.3819 6741046.5009
-43429.8687 6741140.3320
-43493.9512 6741215.2427
-43581.7396 6741243.1469
-43679.8781 6741224.0538
-43779.5086 6741216.1195
-43879.0040 6741206.7308
-43977.1557 6741187.6947
-44070.1635 6741211.9057
-44145.4842 6741277.5332
-44232.4574 6741314.7615
-44332.4550 6741315.4628
-44376.3509 6741263.9804
-44387.3993 6741169.6023
-44442.0479 6741091.0591
-44347.6154 6741121.5246
-44308.3301 6741044.8436
-44343.6470 6740951.7115
-44386.0012 6740861.1241
-44430.3818 6740771.7095
-44510.9293 6740720.0890
-44609.6043 6740703.8765
-44703.2079 6740671.4237
-44789.9517 6740622.2748
-44882.7561 6740631.8302
-44947.2882 6740707.8835
-45000.1401 6740790.5366
-45015.1119 6740889.3846
-45059.9367 6740976.6267
-45077.3567 6741072.1366
-45038.7550 6741163.4105
-45006.5317 6741256.5271
-45026.3118 6741353.8308
-45085.0010 6741417.0723
-45090.3657 6741516.6387
-45094.1052 6741616.5488
-45080.1520 6741714.7989
-45051.6466 6741810.6237
-45025.7739 6741907.2187
-45088.5712 6741949.3563
-45188.5617 6741947.9776
-45288.1347 6741939.0553
-45374.6459 6741901.1599
-45426.5012 6741815.6834
-45461.0288 6741721.8755
-45451.8371 6741631.7441
-45455.6846 6741553.1253
-45484.6881 6741466.6904
-45502.4301 6741375.1521
-45571.2618 6741341.4727
-45649.8952 6741402.2763
-45733.0640 6741355.3940
-45820.7890 6741308.2340
-45918.9175 6741290.0535
-46012.7408 6741255.7516
-46091.7245 6741239.1678
-46162.6405 6741309.3697
-46260.6541 6741315.9063
-46342.6005 6741366.0062
-46361.3836 6741463.5766
-46371.6880 6741563.0367
-46365.1916 6741662.5567
-46296.5989 6741724.1082
-46206.8924 6741683.7931
-46126.9311 6741623.7488
-46050.9562 6741637.8159
-46010.6480 6741727.2113
-45973.5124 6741819.7274
-45893.7009 6741827.7655
-45877.2356 6741731.8390
-45897.0666 6741633.9356
-45874.6336 6741543.2281
-45884.2510 6741454.6077
-45799.6417 6741423.4735
-45701.4283 6741425.6149
-45608.8016 6741460.4316
-45565.4559 6741550.0385
-45523.4149 6741640.7719
-45481.5672 6741731.5946
-45466.8063 6741829.7358
-45485.3808 6741925.3241
-45553.1578 6741998.8500
-45603.5940 6742083.4749
-45584.9014 6742178.0851
-45508.5430 6742242.1541
-45424.5888 6742221.9801
-45387.1479 6742129.2789
-45341.7199 6742041.3545
-45260.3009 6741993.7068
-45211.8678 6742078.9678
-45117.5411 6742097.1074
-45017.6478 6742092.4874
-44924.0137 6742119.0414
-44860.6344 6742185.2208
-44845.7416 6742283.3475
-44818.5304 6742379.5726
-44786.4552 6742473.7597
-44734.4793 6742559.1695
-44757.2859 6742640.6775
-44801.5383 6742727.3452
-44781.9832 6742823.6978
-44744.4012 6742916.3657
-44666.5619 6742974.7695
-44571.9113 6742994.8048
-44473.9780 6742974.7938
-44388.0737 6742924.6215
-44309.4138 6742925.2606
-44239.4556 6742996.7159
-44208.1193 6743086.0856
-44220.3063 6743185.3149
-44246.7718 6743280.4514
-44292.5878 6743369.2239
-44215.6557 6743432.4082
-44127.8260 6743478.1995
-44032.8075 6743509.2505
-43933.2316 6743518.2537
-43833.5236 6743513.8779
-43796.5644 6743599.1351
-43699.0493 6743620.4601
-43600.7770 6743617.7180
-43528.1209 6743549.2984
-43475.1026 6743566.8533
-43427.5641 6743654.4251
-43372.8277 6743738.1032
-43303.6848 6743809.3560
-43214.1192 6743843.2333
-43159.1551 6743763.7307
-43149.5407 6743664.2171
-43161.2756 6743565.8263
-43200.4254 6743473.8843
-43242.6445 6743383.2453
-43271.8356 6743287.9011
-43241.7766 6743240.4310
-43164.4310 6743298.8467
-43118.1216 6743387.3358
-43162.7824 6743468.8879
-43130.1375 6743559.7856
-43091.2796 6743650.4081
-43097.1466 6743749.9684
-43073.9383 6743845.9278
-42989.9157 6743893.9919
-42894.4985 6743923.6318
-42803.4123 6743964.6162
-42713.9748 6744009.3350
-42618.3709 6744037.9072
-42522.0208 6744064.5510
-42429.8479 6744102.1532
-42343.1324 6744150.8924
-42252.0482 6744192.1372
-42155.5145 6744216.6719
-42056.1476 6744227.8908
-41967.0284 6744272.9847
-41875.9022 6744312.8619
-41779.2347 6744337.8720
-41745.3391 6744419.5208
-41764.3788 6744477.2020
-41863.5619 6744489.9075
-41963.3507 6744494.4581
-42061.4673 6744481.7699
-42157.8745 6744456.5683
-42257.4610 6744450.2153
-42351.1055 6744482.9391
-42438.4592 6744531.6030
-42536.1034 6744522.5505
-42631.5785 6744493.0260
-42725.9028 6744459.8156
-42822.7427 6744434.9550
-42920.0534 6744411.9193
-43018.7994 6744403.5176
-43118.6436 6744403.5960
-43216.0552 6744381.4984
-43312.4842 6744356.2138
-43399.1908 6744306.3973
-43484.5532 6744254.3088
-43566.9932 6744197.7317
-43664.7528 6744179.8668
-43762.7412 6744162.5491
-43859.1962 6744150.7590
-43942.6872 6744205.4529
-44031.2067 6744196.0478
-44124.0300 6744178.7657
-44207.6451 6744224.8440
-44297.1937 6744206.9591
-44357.0309 6744285.5131
-44439.3289 6744319.3241
-44527.6381 6744357.2329
-44627.6375 6744356.8906
-44716.4275 6744325.9418
-44770.9493 6744242.3558
-44836.1053 6744166.5245
-44914.8645 6744108.2293
-44998.3325 6744146.3703
-45059.4074 6744182.9370
-45110.7720 6744098.2135
-45200.2397 6744059.9521
-45299.3528 6744046.6924
-45395.2647 6744055.8299
-45402.5375 6744145.8270
-45374.3658 6744241.7655
-45389.8771 6744314.6265
-45487.1555 6744337.4623
-45583.3080 6744359.5650
-45649.0341 6744427.2538
-45649.4841 6744525.7841
-45691.0200 6744616.3758
-45740.9303 6744698.4742
-45823.4556 6744643.2995
-45892.7420 6744688.7195
-45929.0458 6744781.8969
-45943.8224 6744874.9384
-45869.2403 6744937.9583
-45792.4664 6744999.0336
-45747.9156 6745088.4588
-45738.6909 6745186.0731
-45756.9490 6745282.0428
-45772.7596 6745378.1947
-45768.3560 6745477.8116
-45701.2101 6745520.1398
-45648.3878 6745438.2458
-45601.6760 6745349.9613
-45550.8154 6745263.9694
-45456.9325 6745250.3798
-45360.2223 6745263.7089
-45381.0225 6745361.5217
-45400.3590 6745459.5030
-45365.1350 6745551.3950
-45319.2078 6745638.1144
-45320.9191 6745732.7427
-45266.5799 6745816.6319
-45235.9589 6745909.1611
-45221.0657 6746007.3549
-45168.9702 6746040.5791
-45126.5949 6745980.9986
-45054.0964 6746049.3318
-44975.1511 6746110.7089
-44936.0874 6746198.2660
-44921.9084 6746297.2513
-44870.0374 6746375.4649
-44772.2149 6746357.3589
-44678.8710 6746367.8932
-44603.0859 6746384.5224
-44686.0812 6746436.0093
-44720.3771 6746529.6241
-44747.0611 6746625.9866
-44775.4749 6746721.6926
-44834.1102 6746801.2907
-44903.5955 6746873.0250
-44953.9060 6746944.1058
-44893.9025 6747017.0232
-44797.7151 6747043.5106
-44739.8300 6747116.4058
-44712.0557 6747212.4713
-44726.5231 6747309.6126
-44765.0132 6747401.8801
-44842.7170 6747412.8095
-44934.9923 6747431.9894
-44985.4362 6747517.9531
-45034.3493 6747601.2560
-45131.2694 6747614.2882
-45203.2759 6747683.6576
-45271.1256 6747757.0767
-45340.0791 6747826.7974
-45437.1797 6747850.7027
-45524.4303 6747889.2775
-45536.3466 6747986.7078
-45505.7014 6748081.8909
-45486.8202 6748179.3476
-45500.7638 6748275.5967
-45588.1206 6748317.8725
-45681.5849 6748351.9112
-45764.5656 6748407.5606
-45849.6304 6748460.0154
-45905.0832 6748528.4595
-45813.9873 6748557.3553
-45714.8341 6748570.3413
-45630.5709 6748622.4528
-45538.1354 6748593.3281
-45460.5704 6748530.2119
-45371.5853 6748493.7456
-45288.3157 6748439.8174
-45226.2227 6748468.8507
-45259.2408 6748555.3840
-45318.0904 6748636.1840
-45377.8871 6748716.3278
-45433.2754 6748799.5387
-45502.8546 6748860.4408
-45601.3628 6748877.6260
-45700.9526 6748876.8841
-45800.3775 6748887.3021
-45840.6279 6748962.6846
-45812.7883 6749058.1536
-45789.9864 6749152.9805
-45826.6131 6749187.8324
-45893.2650 6749120.1752
-45986.5855 6749084.7367
-46067.8449 6749132.4978
-46082.2522 6749064.3263
-46136.4855 6748980.3222
-46178.0829 6748889.4952
-46197.0872 6748791.6362
-46283.5879 6748765.6059
-46353.8888 6748834.1037
-46375.3590 6748930.4187
-46371.0907 6749030.1209
-46411.7755 6749120.9421
-46455.9349 6749210.6576
-46520.0105 6749282.1914
-46553.8668 6749368.2247
-46467.6880 6749364.4468
-46386.6318 6749307.4747
-46318.1540 6749339.1559
-46299.4749 6749434.1237
-46336.7807 6749526.5313
-46393.5775 6749608.3677
-46420.0994 6749631.9374
-46373.9322 6749543.2695
-46373.1033 6749446.9646
-46461.8025 6749430.6159
-46559.0576 6749418.9437
-46637.0942 6749394.1404
-46682.4186 6749482.2662
-46697.2263 6749580.7958
-46686.1087 6749679.0250
-46642.4591 6749768.9023
-46621.5443 6749864.8836
-46627.0206 6749964.1400
-46656.4187 6750059.7132
-46662.3083 6750158.2331
-46654.4388 6750257.9187
-46651.3120 6750357.8317
-46628.8477 6750454.4408
-46590.0660 6750546.5553
-46567.8179 6750643.7990
-46601.4873 6750649.0716
-46694.1972 6750673.9233
-46766.6316 6750742.8541
-46771.3850 6750724.2772
-46715.9171 6750641.0721
-46675.8254 6750551.1253
-46677.4538 6750451.4026
-46711.2054 6750360.2214
-46793.8953 6750306.2072
-46878.5222 6750252.9316
-46925.0709 6750171.9990
-46907.0509 6750074.9318
-46895.6386 6749982.6196
-46980.2165 6749935.8752
-46947.4341 6749843.5877
-46971.6560 6749746.6185
-47021.3683 6749661.6744
-47095.9094 6749595.0139
-47153.1032 6749517.0990
-47147.2621 6749418.1361
-47181.5122 6749324.3203
-47251.2897 6749283.2059
-47293.1945 6749371.4340
-47338.4827 6749458.9135
-47361.0586 6749551.5650
-47379.0520 6749649.5259
-47396.0039 6749747.6597
-47359.4500 6749831.0462
-47279.1089 6749885.3805
-47217.1589 6749963.8802
-47204.4123 6750060.5745
-47158.6062 6750147.4955
-47169.8544 6750245.0573
-47188.5594 6750343.2900
-47195.9825 6750442.8547
-47160.9986 6750536.2990
-47121.2745 6750627.5208
-47174.5860 6750710.7424
-47240.7548 6750784.4336
-47305.5456 6750850.2583
-47283.6448 6750946.9909
-47253.4458 6751042.2811
-47223.0080 6751137.2955
-47197.4726 6751233.1709
-47205.1383 6751332.8240
-47233.4132 6751428.2807
-47263.0844 6751523.7684
-47288.1595 6751620.4338
-47286.2811 6751719.9372
-47321.5464 6751709.8439
-47393.8776 6751667.2425
-47451.1560 6751746.6396
-47490.7423 6751838.4661
-47543.1803 6751921.9561
-47607.3908 6751998.0211
-47677.9160 6752068.9168
-47763.4165 6752117.6031
-47859.7477 6752101.2541
-47949.0474 6752123.1426
-47878.4450 6752187.1277
-47874.3743 6752285.9778
-47865.4372 6752384.6494
-47839.2120 6752479.9619
-47843.0493 6752577.9860
-47768.0199 6752633.0476
-47729.4817 6752674.1347
-47813.4809 6752708.6009
-47863.5411 6752622.0394
-47920.9454 6752540.1950
-47995.2630 6752473.5587
-48081.2379 6752424.8270
-48170.6011 6752380.2920
-48255.6393 6752329.6766
-48266.6581 6752231.1487
-48203.6442 6752154.1423
-48166.0891 6752064.0574
-48218.8875 6751985.8098
-48315.2444 6751964.0412
-48406.4834 6751996.2024
-48460.4789 6752078.7634
-48452.6368 6752171.9693
-48386.7361 6752247.0582
-48410.8462 6752329.0711
-48434.2710 6752417.7467
-48386.8622 6752505.7121
-48355.9421 6752595.8548
-48386.1368 6752690.5896
-48374.3204 6752788.1353
-48336.0582 6752880.4933
-48304.6315 6752975.3584
-48272.8466 6753070.1699
-48261.1556 6753169.0501
-48271.5957 6753266.2537
-48307.8808 6753358.4503
-48308.9641 6753456.9642
-48264.5062 6753545.8756
-48209.4301 6753629.2911
-48134.5738 6753693.6477
-48119.3450 6753779.2234
-48154.1118 6753872.7095
-48206.9335 6753947.8669
-48279.3398 6754016.3325
-48330.6048 6754100.0322
-48383.9348 6754180.8598
-48458.4076 6754247.5967
-48523.8539 6754322.4966
-48536.9102 6754421.4068
-48538.4406 6754521.2062
-48474.4663 6754595.1711
-48413.5988 6754671.0620
-48390.3000 6754768.2950
-48387.5231 6754867.5236
-48430.0765 6754931.2052
-48516.9125 6754881.6209
-48561.7779 6754806.2806
-48540.1304 6754708.6549
-48555.5563 6754611.6760
-48585.6402 6754516.3100
-48611.0052 6754419.7882
-48649.8284 6754340.9074
-48723.2975 6754393.4931
-48785.6842 6754469.0697
-48878.5801 6754504.2319
-48922.3586 6754589.6156
-48992.9255 6754657.0172
-49077.2349 6754710.7937
-49170.9222 6754725.4754
-49237.6315 6754798.8584
-49276.3100 6754888.9087
-49221.9960 6754957.8831
-49133.1174 6755003.0705
-49047.8591 6755055.3297
-49014.8982 6755138.7906
-48974.2064 6755230.1371
-48979.7658 6755320.7038
-48954.1008 6755411.3681
-48904.8879 6755496.5474
-48917.0565 6755594.9366
-48934.6686 6755693.2611
-48963.2217 6755789.0379
-48980.7705 6755886.2847
-49010.7188 6755976.6590
-49066.1729 6756058.7294
-49154.7034 6756103.0791
-49241.8541 6756151.4456
-49312.9776 6756221.3148
-49382.3303 6756293.0023
-49466.8237 6756346.0983
-49539.5860 6756412.2166
-49575.7956 6756504.9026
-49597.5485 6756602.3746
-49605.1920 6756702.0215
-49609.3547 6756801.9335
-49611.2822 6756901.9045
-49598.5278 6757000.7070
-49571.5799 6757096.9990
-49590.5002 6757190.3108
-49650.4447 6757268.9158
-49717.7697 6757339.9716
-49743.1391 6757436.3014
-49749.6799 6757534.0209
-49731.4141 6757632.2931
-49737.7119 6757727.5983
-49757.6818 6757820.9640
-49694.1022 6757892.8495
-49607.4521 6757940.7439
-49532.3216 6758002.0689
-49433.6146 6757994.6803
-49340.2127 6757963.4786
-49275.3598 6757888.0033
-49195.5571 6757833.4907
-49098.1478 6757814.4183
-49013.7434 6757866.8509
-48983.4084 6757959.0626
-48941.5344 6758046.9498
-48955.0207 6758143.1905
-48991.6618 6758227.1751
-48939.6690 6758309.2196
-48919.5908 6758322.9779
