COAST
1
25 1
-41966.4211 6737178.8106
-42053.8620 6737218.2397
-42125.5807 6737287.9243
-42217.6490 6737320.2765
-42317.6490 6737320.2633
-42382.3826 6737270.9121
-42416.5662 6737177.8802
-42507.3619 6737167.0041
-42599.0010 6737206.4970
-42668.1276 6737277.1148
-42723.3119 6737360.2552
-42746.8402 6737455.4649
-42706.1746 6737543.8519
-42638.5974 6737617.3780
-42578.1266 6737697.0198
-42497.7194 6737749.9073
-42407.4857 6737729.2881
-42356.5814 6737643.5885
-42298.6976 6737563.8381
-42215.5449 6737508.3774
-42126.8016 6737479.0827
-42045.3898 6737447.0168
-42028.2632 6737349.7056
-42006.6145 6737252.6122
-41966.4211 6737178.8106
