COAST
1
26 1
-49440.0622 6753233.1693
-49369.4311 6753293.3237
-49286.9045 6753240.9589
-49215.1301 6753171.5279
-49133.7324 6753202.6621
-49079.9056 6753286.9395
-49046.7870 6753379.5558
-49032.1445 6753478.0708
-48956.0617 6753520.1552
-48860.1957 6753540.0983
-48789.8790 6753483.4149
-48740.4933 6753396.4608
-48704.9543 6753306.9636
-48718.2398 6753207.9531
-48732.6577 6753109.0024
-48782.1359 6753023.9744
-48844.0236 6752945.4256
-48884.0521 6752855.5703
-48964.9940 6752823.6448
-49051.7410 6752872.6829
-49112.5400 6752944.8271
-49135.9074 6753041.6843
-49202.4089 6753115.9312
-49290.4451 6753163.3614
-49384.5126 6753179.7741
-49440.0622 6753233.1693
