COAST
1
878 1
-52559.1816 6748369.1289
-52612.3410 6748444.3135
-52621.6890 6748543.1650
-52645.7102 6748639.6006
-52578.6245 6748698.6470
-52577.8250 6748787.3254
-52628.8869 6748871.4218
-52656.3829 6748965.6296
-52673.1407 6749063.8831
-52697.6126 6749160.6362
-52702.6431 6749260.3881
-52723.4294 6749356.6473
-52706.1472 6749450.0993
-52611.6291 6749448.3670
-52544.6446 6749429.8198
-52509.8738 6749503.2189
-52412.2014 6749509.9466
-52335.7772 6749486.9855
-52370.5287 6749546.7332
-52465.3302 6749577.5452
-52564.6876 6749580.4366
-52663.1821 6749597.6482
-52746.2291 6749639.7941
-52745.6059 6749739.3967
-52748.1593 6749839.0534
-52754.8497 6749938.7514
-52747.3121 6750038.2531
-52732.8996 6750135.0187
-52756.5208 6750231.1299
-52744.4181 6750329.7443
-52698.5911 6750417.4581
-52688.7676 6750516.2958
-52695.5677 6750615.7655
-52721.3823 6750712.0361
-52693.7407 6750802.9274
-52726.4127 6750868.8088
-52776.2019 6750954.6701
-52870.6264 6750935.7649
-52929.4730 6750867.4284
-52855.3114 6750817.2406
-52827.8727 6750868.1690
-52789.3074 6750803.5060
-52779.9820 6750711.1283
-52762.5792 6750615.9009
-52754.8532 6750516.9109
-52801.5847 6750429.3765
-52856.9285 6750352.7054
-52954.2610 6750356.5377
-53049.5830 6750328.3806
-53146.9265 6750336.8939
-53242.1985 6750367.0259
-53319.9185 6750410.5742
-53331.1094 6750505.8016
-53359.7480 6750578.8332
-53454.9358 6750569.7267
-53519.9362 6750493.9783
-53603.2672 6750439.5109
-53691.6815 6750392.8974
-53787.8957 6750366.2429
-53763.0922 6750351.3638
-53672.2462 6750334.0462
-53749.0211 6750279.4971
-53711.0307 6750204.3626
-53687.0652 6750128.2314
-53774.8082 6750086.5771
-53872.1084 6750097.3908
-53963.9993 6750130.0864
-54012.4071 6750094.3816
-53931.8186 6750044.1934
-53867.3139 6749972.7133
-53772.6006 6749940.6295
-53680.7283 6749904.9068
-53601.5904 6749871.9885
-53548.3588 6749934.7714
-53518.4653 6750003.9520
-53426.6772 6749979.1589
-53346.6364 6749919.7279
-53255.9781 6749878.2249
-53159.6195 6749865.3428
-53136.2307 6749790.0660
-53044.9974 6749751.9201
-52979.4239 6749697.2645
-53044.6637 6749623.8816
-52973.5407 6749569.6889
-52948.3520 6749517.8229
-53030.2963 6749464.2059
-53128.8771 6749479.3104
-53219.5065 6749520.1083
-53304.6676 6749570.4535
-53401.1507 6749559.8235
-53492.0583 6749599.0537
-53588.0397 6749601.5579
-53686.3939 6749583.9916
-53771.2366 6749547.5102
-53864.3964 6749528.1058
-53800.3054 6749474.6273
-53768.2845 6749380.4008
-53775.5741 6749281.5909
-53745.7647 6749193.1696
-53663.6675 6749150.6183
-53564.9314 6749135.8415
-53471.8744 6749106.2192
-53492.5798 6749018.1415
-53514.2092 6748928.5365
-53588.5534 6748870.2356
-53677.4842 6748913.3200
-53768.8924 6748952.5545
-53825.2135 6749026.5103
-53873.7035 6749108.9564
-53923.1297 6749191.0670
-54016.4304 6749190.1416
-54081.4094 6749114.3134
-54098.0746 6749017.3774
-54079.8825 6748919.0635
-54026.1129 6748845.8199
-53966.3653 6748766.7243
-53879.9787 6748716.6006
-53826.6668 6748657.4436
-53835.6962 6748592.1806
-53739.8798 6748563.6137
-53651.5050 6748517.1169
-53565.9367 6748468.6762
-53487.1482 6748407.3555
-53413.2780 6748341.7658
-53419.9990 6748246.3101
-53484.8494 6748171.2889
-53553.7393 6748099.2036
-53630.8738 6748063.1631
-53678.3902 6748149.9424
-53652.3846 6748239.2595
-53716.6988 6748289.0447
-53814.3743 6748307.2322
-53908.7378 6748296.1947
-53993.7222 6748247.2760
-54069.0358 6748257.5566
-54139.0364 6748304.5940
-54161.1020 6748385.8727
-54089.8876 6748455.3718
-54074.4290 6748553.3352
-54070.7491 6748650.4306
-54164.4486 6748673.4728
-54217.7691 6748592.3345
-54304.8401 6748551.3703
-54403.5484 6748553.3097
-54490.2934 6748562.6014
-54545.7950 6748638.6955
-54586.3555 6748716.6362
-54655.2474 6748776.3582
-54661.0046 6748875.7563
-54601.0352 6748939.9701
-54580.1443 6749019.6450
-54603.9568 6749116.7029
-54643.0971 6749208.6266
-54688.5426 6749294.6960
-54611.2803 6749342.8335
-54557.1558 6749408.1600
-54592.9068 6749476.2987
-54619.1555 6749530.0795
-54536.2393 6749584.0472
-54525.5964 6749642.3305
-54488.2823 6749698.2847
-54389.3277 6749712.3828
-54291.1569 6749730.6680
-54306.5624 6749798.1821
-54364.7616 6749876.7323
-54320.3120 6749952.9413
-54351.0433 6749988.0727
-54444.4068 6749962.5489
-54529.5981 6749919.4989
-54628.9321 6749930.9333
-54685.4363 6750000.1093
-54692.9026 6750099.8027
-54711.3709 6750197.8316
-54699.4657 6750295.2977
-54668.5769 6750363.5278
-54569.0077 6750358.7039
-54470.3393 6750367.8625
-54379.2012 6750401.6368
-54330.6770 6750482.2812
-54424.2095 6750516.9797
-54517.6995 6750494.6183
-54615.6861 6750510.9380
-54704.7893 6750554.2964
-54668.2353 6750617.2284
-54577.1665 6750575.9399
-54487.8561 6750591.5328
-54480.6142 6750690.1139
-54459.8641 6750765.7677
-54466.0671 6750789.5063
-54565.0464 6750803.1023
-54636.3862 6750864.9295
-54719.0735 6750899.8403
-54812.7681 6750934.5721
-54885.8956 6750991.4967
-54977.6190 6750973.6673
-55052.7373 6751005.1853
-55039.7259 6751091.8892
-54943.5068 6751114.4538
-54882.8611 6751177.8163
-54819.6970 6751238.1052
-54731.7430 6751283.6321
-54645.1200 6751333.3526
-54583.2152 6751411.6130
-54510.8015 6751473.8706
-54489.9893 6751568.4849
-54481.7366 6751666.1864
-54573.2380 6751638.4445
-54662.3385 6751594.8433
-54739.5962 6751614.6030
-54698.2407 6751700.7653
-54608.3649 6751739.8387
-54556.2805 6751816.7236
-54520.6040 6751910.1386
-54471.0891 6751996.6726
-54520.1651 6752059.6298
-54600.3389 6752034.5134
-54662.2775 6751956.3653
-54720.9311 6751875.9781
-54800.0943 6751815.6737
-54896.7920 6751807.3769
-54948.2239 6751871.8841
-54916.4815 6751966.0472
-54928.6153 6751991.4844
-55003.7539 6751925.7899
-55027.5138 6751830.5602
-55039.9700 6751732.2279
-55094.1588 6751648.4589
-55156.8725 6751619.7425
-55119.6003 6751710.5963
-55191.5152 6751704.5743
-55266.9719 6751741.9146
-55268.9097 6751841.8521
-55321.2940 6751794.6164
-55394.4773 6751727.6440
-55458.0277 6751778.8935
-55451.7135 6751878.6903
-55439.2382 6751977.8147
-55408.0454 6752072.7455
-55366.6177 6752163.6939
-55351.6426 6752259.7297
-55393.0447 6752341.1482
-55372.4517 6752381.9533
-55282.4438 6752417.6290
-55294.2958 6752497.9333
-55309.4659 6752595.6588
-55289.8063 6752693.2454
-55251.9003 6752784.0851
-55168.9389 6752832.6482
-55150.7922 6752920.8039
-55124.1975 6753016.9308
-55154.3726 6753096.2179
-55094.2878 6753115.0162
-55163.1037 6753187.3890
-55229.8536 6753260.7894
-55318.0959 6753305.4244
-55415.3856 6753316.4725
-55475.4505 6753243.4049
-55553.2812 6753203.1315
-55650.3463 6753184.9315
-55684.3461 6753098.7056
-55630.3187 6753016.5373
-55567.8331 6752940.5569
-55591.9866 6752849.2014
-55559.8227 6752755.7872
-55517.3980 6752667.4780
-55557.9761 6752590.0203
-55623.8178 6752515.3198
-55651.9323 6752435.6902
-55702.9697 6752520.1758
-55755.7951 6752604.1983
-55787.8246 6752698.8849
-55806.0999 6752797.1824
-55825.2093 6752894.9099
-55809.6053 6752993.5092
-55809.5149 6753092.7560
-55805.7286 6753192.3386
-55779.7687 6753287.4633
-55699.2447 6753294.0848
-55609.9719 6753298.3026
-55573.3264 6753377.2325
-55586.4641 6753475.6675
-55560.4562 6753572.0476
-55580.6475 6753658.6381
-55575.5881 6753746.1284
-55502.2549 6753812.4349
-55403.7341 6753813.4603
-55388.8767 6753731.7165
-55377.9737 6753637.5519
-55314.9324 6753562.8212
-55276.1807 6753471.4011
-55219.3465 6753425.7759
-55165.8116 6753492.8435
-55183.6410 6753589.9706
-55194.2682 6753688.7437
-55132.0006 6753764.4411
-55061.9883 6753729.9373
-55034.6753 6753634.4770
-54973.8952 6753557.6899
-54912.1718 6753485.1354
-54906.5211 6753385.4028
-54898.5856 6753286.8570
-54887.2854 6753189.7843
-54868.0378 6753091.8455
-54860.9049 6752992.3914
-54875.6794 6752894.0054
-54919.4619 6752804.8443
-54993.3703 6752739.3165
-55090.1375 6752749.1602
-55089.3525 6752706.8729
-55003.9966 6752693.3281
-55007.7809 6752595.0909
-54938.5167 6752661.6479
-54849.5745 6752648.2948
-54772.9447 6752709.9616
-54704.6449 6752690.2819
-54636.4584 6752752.5453
-54579.8958 6752822.6327
-54660.8036 6752873.6093
-54758.3594 6752852.1238
-54821.6767 6752904.0849
-54831.9928 6753001.8208
-54801.1755 6753062.9945
-54831.2562 6753125.7762
-54859.0916 6753221.3465
-54860.4395 6753319.7164
-54846.9805 6753416.3856
-54892.9870 6753502.8063
-54900.9591 6753602.3491
-54899.3185 6753702.3010
-54886.2333 6753801.2789
-54917.4641 6753893.8473
-54923.3847 6753801.8570
-54935.7220 6753705.7888
-55007.6782 6753765.4827
-55029.7385 6753862.9966
-55037.4521 6753962.5420
-55077.4726 6754047.2322
-55167.0782 6754072.2943
-55154.5636 6754162.1343
-55184.9620 6754210.2239
-55280.3232 6754210.1748
-55292.2913 6754307.0993
-55355.1112 6754384.6817
-55415.9205 6754454.6114
-55425.4317 6754551.8030
-55406.9998 6754649.8870
-55403.0111 6754749.5755
-55426.9197 6754714.7288
-55442.4865 6754615.9919
-55462.8812 6754518.2330
-55503.9588 6754427.2269
-55553.1120 6754341.1277
-55641.7434 6754299.2535
-55723.0017 6754326.3901
-55717.4170 6754425.7045
-55707.2702 6754525.1552
-55724.0000 6754622.1949
-55745.2393 6754530.2991
-55815.9075 6754481.0078
-55857.3993 6754565.1976
-55891.6052 6754524.4999
-55976.1811 6754499.6665
-56021.3335 6754585.1663
-56021.3674 6754682.3397
-55951.0586 6754752.9420
-55873.4879 6754816.0433
-55785.4025 6754859.8491
-55719.6391 6754933.5015
-55713.8954 6755008.7123
-55796.2881 6755048.8442
-55892.7058 6755069.4456
-55978.8056 6755120.0698
-56075.4813 6755133.6214
-56172.7252 6755115.4256
-56255.9732 6755091.0700
-56305.7030 6755175.7355
-56328.7370 6755272.8150
-56412.8128 6755305.1247
-56501.0276 6755265.6589
-56595.2418 6755235.2302
-56687.8724 6755270.2301
-56777.2163 6755259.5609
-56803.4781 6755341.9116
-56823.7648 6755439.7396
-56821.0725 6755537.8595
-56801.3707 6755635.8723
-56787.0275 6755734.0192
-56755.5437 6755827.0008
-56669.4268 6755816.5140
-56606.6250 6755870.1412
-56597.1190 6755964.3035
-56612.3186 6756057.1191
-56526.5821 6756060.4703
-56433.3112 6756091.9550
-56428.0715 6756183.7937
-56404.0250 6756274.9702
-56358.2844 6756359.8914
-56361.6373 6756459.3243
-56359.2982 6756556.1978
-56354.7537 6756649.2801
-56299.9558 6756732.8926
-56334.5638 6756824.9949
-56331.1370 6756923.1939
-56420.9793 6756955.4244
-56519.0857 6756942.7244
-56595.2492 6756881.1978
-56667.0572 6756937.1553
-56760.4230 6756903.1035
-56707.0613 6756862.5677
-56644.8027 6756789.9398
-56669.2580 6756693.6298
-56647.9807 6756597.0292
-56661.2725 6756501.1826
-56701.5023 6756411.6783
-56708.7160 6756314.9029
-56775.3716 6756240.6219
-56854.3360 6756180.2412
-56947.1870 6756144.0608
-56999.4081 6756078.0263
-57056.5882 6756007.4448
-57153.3898 6755991.0629
-57252.5953 6755997.0827
-57347.8634 6755967.8257
-57427.0033 6755908.6952
-57516.5586 6755928.0345
-57587.6564 6755995.3063
-57684.4314 6755996.7338
-57784.2740 6755992.7850
-57805.8844 6755904.7470
-57736.2490 6755833.7243
-57783.6299 6755783.1316
-57729.7437 6755780.0387
-57644.4455 6755743.0261
-57576.3511 6755679.7063
-57478.1687 6755698.4948
-57382.8805 6755723.1069
-57337.3560 6755657.6982
-57287.8437 6755571.0297
-57240.4791 6755486.1158
-57165.9230 6755445.1499
-57075.8979 6755445.9089
-57120.7510 6755379.2899
-57218.3422 6755357.7783
-57266.7778 6755287.9926
-57268.6320 6755188.7356
-57343.2358 6755124.3183
-57414.4786 6755055.0351
-57478.8662 6755099.3833
-57509.6678 6755189.7442
-57607.1942 6755209.6932
-57701.6169 6755181.9069
-57771.7246 6755242.3101
-57837.9795 6755303.0655
-57924.3365 6755283.7027
-57956.5336 6755199.5417
-58027.2057 6755139.7398
-58102.9331 6755083.4401
-58182.7153 6755119.9654
-58227.8258 6755208.0262
-58223.5312 6755307.6975
-58288.4765 6755376.4371
-58308.5206 6755467.2233
-58239.7981 6755537.8340
-58182.0284 6755617.6388
-58197.2810 6755711.6211
-58272.1245 6755773.8266
-58251.1446 6755868.9862
-58217.4225 6755920.4069
-58122.4248 6755891.5028
-58133.7822 6755797.3133
-58055.2612 6755778.6067
-57955.9987 6755784.4965
-57923.7107 6755862.3084
-57891.6348 6755954.4437
-57868.6850 6756051.0534
-57902.4399 6756128.4133
-57957.4132 6756202.1611
-58016.0298 6756269.9710
-58081.6634 6756339.4970
-58064.5791 6756422.7490
-58026.6726 6756513.5097
-58011.1152 6756607.5500
-57967.2335 6756693.9376
-57890.0489 6756757.4680
-57823.3847 6756831.0307
-57726.2253 6756847.4749
-57644.4181 6756864.8260
-57661.0650 6756960.0459
-57600.5770 6757035.6167
-57502.2008 6757051.8023
-57405.5825 6757050.5479
-57370.6117 6757031.7095
-57390.7860 6757129.2122
-57406.9764 6757227.5361
-57338.9669 6757291.1237
-57262.7529 6757352.0546
-57188.6395 6757419.0805
-57114.2586 6757485.8865
-57126.3795 6757570.2990
-57208.1641 6757590.9826
-57305.3440 6757567.5535
-57396.4236 6757532.0643
-57446.4745 6757610.5889
-57489.6182 6757694.7932
-57564.9708 6757757.8677
-57658.1989 6757727.5140
-57651.3327 6757633.0364
-57714.6213 6757558.2177
-57791.2656 6757494.3146
-57887.0052 6757497.0038
-57970.3064 6757459.4373
-57944.4772 6757539.6532
-57902.5823 6757628.1631
-57892.4099 6757727.5226
-57845.8899 6757815.4991
-57896.1698 6757786.4133
-57944.1226 6757699.6185
-57994.8613 6757615.9566
-58073.8656 6757554.8053
-58162.3047 6757512.0257
-58245.4847 6757495.3226
-58238.1552 6757569.7866
-58214.8871 6757654.5347
-58251.9875 6757746.3455
-58213.4568 6757837.1580
-58140.4503 6757880.0496
-58078.0156 6757807.9931
-58026.9381 6757880.6960
-58019.4365 6757955.2326
-57943.2289 6758019.3726
-57847.2104 6758027.6937
-57759.2088 6758002.9386
-57686.8102 6758051.4373
-57684.9421 6758150.5771
-57726.5418 6758227.3869
-57725.2518 6758326.3194
-57732.3501 6758419.4540
-57747.1060 6758508.5707
-57663.0646 6758562.0246
-57572.4467 6758602.7067
-57475.7926 6758609.4627
-57411.7657 6758664.2834
-57312.1651 6758672.2295
-57215.0220 6758658.0823
-57179.6206 6758571.6728
-57142.1482 6758559.4347
-57056.2093 6758608.5679
-56978.3027 6758666.3211
-56888.6262 6758703.3860
-56827.0144 6758776.5932
-56753.4875 6758781.4163
-56772.8325 6758685.9515
-56849.1367 6758625.4295
-56875.4783 6758543.2257
-56911.4071 6758455.1702
-56979.2821 6758501.6508
-57035.1997 6758497.7263
-57021.6178 6758401.7797
-57023.4961 6758305.8780
-56935.7097 6758341.1867
-56875.9819 6758390.4074
-56798.7226 6758363.8415
-56699.8797 6758378.1384
-56603.0496 6758356.3606
-56510.6728 6758318.0862
-56447.3559 6758249.2773
-56460.5892 6758152.5904
-56389.4298 6758084.4028
-56371.9851 6757998.4319
-56381.6989 6757900.4303
-56327.8921 6757840.7243
-56237.4850 6757814.5795
-56152.6027 6757763.8642
-56103.2191 6757824.6606
-56036.8293 6757895.4042
-56018.4558 6757818.3848
-55975.0885 6757829.0062
-55953.7992 6757925.7226
-55903.3757 6758012.0349
-55840.7775 6758087.8641
-55750.9145 6758131.4498
-55669.0373 6758183.8777
-55608.1524 6758263.0704
-55537.1071 6758333.4139
-55530.5744 6758420.7413
-55491.2058 6758505.3488
-55443.4192 6758426.3704
-55355.8216 6758405.9635
-55275.1637 6758359.5372
-55248.6392 6758263.3315
-55231.2119 6758164.8852
-55214.9922 6758066.4790
-55190.6573 6757971.6223
-55152.1763 6757946.2916
-55145.7695 6758045.9355
-55112.6184 6758139.6452
-55124.9426 6758226.1492
-55136.1323 6758321.4181
-55151.4602 6758407.7171
-55059.0536 6758438.0776
-54968.8122 6758401.4923
-54939.7623 6758434.6874
-54940.5869 6758534.6789
-54882.0081 6758586.0440
-54826.9740 6758502.8237
-54807.7603 6758575.5238
-54800.1140 6758674.9944
-54715.3690 6758721.8598
-54618.2556 6758745.7046
-54519.7918 6758762.7622
-54433.5274 6758812.2086
-54344.9964 6758858.4606
-54250.7982 6758891.8358
-54164.8434 6758942.1698
-54154.4055 6759023.6116
-54215.8466 6759100.2225
-54287.0117 6759132.2973
-54355.9800 6759096.6302
-54428.9602 6759083.3532
-54492.6024 6759054.7826
-54554.8754 6759047.5473
-54594.4448 6759021.8763
-54596.1244 6758941.3303
-54687.2251 6758906.3087
-54782.4585 6758926.6305
-54760.1057 6759010.2762
-54738.1609 6759058.5022
-54773.7703 6759135.9632
-54735.0613 6759227.5688
-54669.5039 6759302.9910
-54605.6133 6759379.8451
-54546.1416 6759460.1934
-54454.2102 6759489.7123
-54388.2580 6759425.9537
-54365.7085 6759445.9017
-54343.7806 6759540.8053
-54277.0939 6759613.6322
-54199.7266 6759668.7810
-54112.0306 6759704.7993
-54050.0759 6759782.4670
-53974.0516 6759846.7404
-53915.3950 6759925.3630
-53835.4894 6759876.7659
-53756.3569 6759917.0706
-53713.9949 6759826.8888
-53670.2910 6759737.3198
-53671.3599 6759640.0278
-53675.0874 6759545.2414
-53625.1205 6759459.3438
-53641.6439 6759372.3350
-53741.2421 6759379.6560
-53799.7764 6759307.0479
-53806.4549 6759215.7286
-53840.4464 6759139.1102
-53834.0060 6759040.5408
-53750.9037 6759056.3542
-53664.3563 6759035.5754
-53693.5142 6758968.5687
-53743.2648 6758889.9415
-53750.0930 6758791.8762
-53769.1136 6758696.1797
-53822.8881 6758737.8263
-53834.1945 6758679.1745
-53785.1668 6758631.1698
-53699.4781 6758594.2191
-53663.3599 6758501.1917
-53572.9029 6758462.5882
-53530.5414 6758386.5905
-53556.1088 6758295.1588
-53649.1726 6758265.3844
-53619.5499 6758194.4414
-53590.5946 6758113.6304
-53598.6807 6758014.6904
-53654.3966 6757935.4593
-53657.7795 6757836.3720
-53700.8679 6757767.9974
-53778.1699 6757718.4622
-53730.0243 6757630.8513
-53719.5507 6757533.3074
-53720.4591 6757440.1365
-53696.2940 6757344.8377
-53680.3094 6757246.4165
-53699.0134 6757148.2938
-53764.6772 6757081.0948
-53863.3960 6757065.4505
-53958.0559 6757046.4722
-53989.4449 6757135.9659
-53989.2482 6757235.8882
-53985.2369 6757335.3307
-53983.6152 6757434.8530
-54006.9201 6757531.4257
-54033.7379 6757627.6358
-54042.4209 6757557.7697
-54067.1408 6757489.6523
-54043.9935 6757414.6518
-54087.4537 6757327.4180
-54163.5234 6757349.9354
-54197.9928 6757256.6947
-54199.8865 6757169.3272
-54151.0423 6757082.2177
-54105.6466 6756993.1232
-54055.4041 6756923.5943
-54058.6197 6756830.8766
-53982.9869 6756767.2348
-53914.8739 6756703.1645
-53936.0924 6756606.6824
-53842.7850 6756578.7935
-53759.8008 6756628.4744
-53698.7614 6756707.6033
-53616.0939 6756735.6801
-53594.2402 6756640.0424
-53572.1222 6756542.7377
-53557.5382 6756444.2747
-53545.1158 6756525.5399
-53475.5875 6756571.0480
-53403.7287 6756513.9454
-53333.4821 6756477.7420
-53270.9830 6756544.9130
-53274.6899 6756644.8182
-53282.1726 6756744.5339
-53288.3560 6756844.3079
-53227.2195 6756866.5166
-53178.8894 6756779.6501
-53098.3376 6756722.7594
-53047.4554 6756637.7651
-53026.8388 6756540.2281
-53016.8263 6756440.7537
-52987.9451 6756346.0240
-52968.3944 6756249.0473
-52931.7911 6756199.4626
-52862.2023 6756133.2702
-52869.4765 6756038.4202
-52959.2139 6755996.4588
-53052.4654 6755966.5081
-53110.5084 6755885.8771
-53182.9768 6755818.9255
-53249.0493 6755747.2558
-53318.5793 6755684.4524
-53343.9313 6755594.1678
-53324.3298 6755497.0524
-53336.7999 6755397.8528
-53357.4277 6755300.4194
-53315.7161 6755293.0484
-53253.3688 6755253.5276
-53278.3454 6755158.0759
-53252.2856 6755061.9484
-53207.6226 6755038.0256
-53205.3274 6755136.2408
-53205.0091 6755236.2220
-53125.1763 6755265.7844
-53036.7774 6755304.2275
-52956.7181 6755336.4857
-52904.6869 6755251.8625
-52859.9831 6755162.5678
-52849.6938 6755063.6237
-52867.5188 6754965.3634
-52883.9242 6754866.8796
-52870.5017 6754768.1033
-52848.1322 6754670.8190
-52839.1858 6754571.5917
-52828.5711 6754477.5332
-52901.4310 6754424.3568
-52962.8215 6754377.0098
-52966.6186 6754278.6417
-53028.3499 6754200.6281
-52983.3261 6754136.7098
-52907.5056 6754072.9971
-52813.8008 6754042.4165
-52769.4049 6753953.9226
-52717.0868 6753871.9520
-52619.0903 6753880.0506
-52526.0030 6753916.4953
-52463.5926 6753870.8561
-52485.5223 6753779.0338
-52559.7778 6753752.6398
-52568.7304 6753653.5261
-52538.5611 6753559.5629
-52509.1654 6753471.8358
-52442.7431 6753526.8097
-52360.7013 6753543.3078
-52386.5082 6753463.6060
-52398.6521 6753418.5866
-52340.0564 6753495.7506
-52266.6639 6753461.9306
-52314.1088 6753419.1005
-52375.3429 6753345.5509
-52328.0755 6753266.9630
-52242.7955 6753231.2064
-52176.2438 6753156.6752
-52183.1906 6753069.5571
-52104.4523 6753007.9304
-52080.3153 6752919.1713
-52070.2783 6752822.0754
-52119.3372 6752736.5336
-52128.8385 6752637.9217
-52139.0916 6752541.4553
-52181.1973 6752451.2598
-52132.1611 6752393.4565
-52068.9566 6752320.8917
-52042.6399 6752224.7944
-52103.4810 6752165.9914
-52202.8659 6752160.6243
-52270.7425 6752088.4258
-52337.9819 6752020.1987
-52427.2932 6751977.0654
-52519.7970 6751939.4682
-52600.8636 6751882.5928
-52690.6665 6751840.8787
-52743.3104 6751907.0099
-52774.1394 6751968.2160
-52834.0053 6751888.6739
-52871.2423 6751796.1130
-52869.6150 6751705.6374
-52834.5896 6751618.5302
-52741.1843 6751609.1663
-52646.8896 6751641.6744
-52556.0190 6751676.1661
-52475.6924 6751735.6422
-52393.3526 6751787.9717
-52339.4657 6751729.3761
-52299.4297 6751639.4387
-52240.3104 6751562.4655
-52228.1110 6751475.3271
-52204.5132 6751388.3875
-52161.6130 6751298.9293
-52228.1716 6751252.9073
-52323.2281 6751230.0582
-52352.0092 6751135.7419
-52361.2193 6751046.7544
-52288.9052 6750984.7715
-52192.2514 6750962.3392
-52096.3932 6750934.3497
-52000.5451 6750906.1220
-51902.3370 6750887.4324
-51825.5479 6750839.8419
-51914.2223 6750795.4590
-51992.7572 6750735.5040
-51985.4344 6750645.9125
-51957.8224 6750551.0534
-51942.5480 6750454.2053
-51956.2331 6750359.9251
-51956.5530 6750284.5688
-51969.6245 6750189.0503
-51893.1067 6750125.3072
-51802.7653 6750085.3002
-51736.9813 6750017.1682
-51691.0457 6749943.1214
-51640.5455 6749863.8432
-51604.5893 6749771.7725
-51520.8203 6749724.0756
-51566.0131 6749664.1526
-51656.0651 6749623.0351
-51734.1349 6749560.5520
-51796.4536 6749493.5924
-51747.9069 6749411.2411
-51738.0950 6749313.5339
-51767.1127 6749223.9716
-51854.9276 6749176.5461
-51912.5941 6749098.7876
-51986.3462 6749034.8487
-52013.5219 6748949.5525
-52041.9252 6748855.2677
-52097.3040 6748783.8115
-52175.8484 6748731.4904
-52274.9385 6748721.3051
-52320.9524 6748651.6383
-52387.3426 6748714.7694
-52385.6960 6748814.4650
-52309.1188 6748842.2904
-52232.7506 6748857.9594
-52310.5906 6748886.4694
-52397.3697 6748845.2134
-52449.4035 6748765.2153
-52505.9682 6748684.2194
-52511.2652 6748586.1143
-52541.9994 6748491.0080
-52558.4648 6748393.2675
-52559.1816 6748369.1289
