COAST
1
28 1
-46961.3233 6743811.3994
-46944.6180 6743904.9863
-46861.2167 6743958.4113
-46776.2130 6744008.9279
-46768.2876 6744107.0672
-46690.1102 6744161.0803
-46614.5858 6744221.2918
-46544.9498 6744291.9921
-46456.4699 6744322.3433
-46375.3482 6744267.5703
-46283.0090 6744229.4598
-46194.4782 6744218.2157
-46101.7097 6744246.5417
-46002.1803 6744253.9729
-45985.1024 6744168.8639
-46048.3797 6744108.0688
-46147.2029 6744092.7724
-46245.2830 6744108.4021
-46342.4786 6744131.9022
-46401.4262 6744058.7434
-46445.0250 6743969.3449
-46493.9774 6743884.8302
-46573.5285 6743824.4091
-46664.2811 6743783.3936
-46760.1583 6743793.6409
-46846.6059 6743840.4431
-46943.5472 6743815.8999
-46961.3233 6743811.3994
