COAST
1
61 1
-45390.2074 6746356.0786
-45461.7730 6746388.0852
-45513.0232 6746473.9537
-45555.0057 6746563.9480
-45556.7159 6746663.9294
-45560.8444 6746763.5841
-45535.9312 6746860.4310
-45541.1441 6746953.9082
-45629.8396 6746993.7538
-45687.6194 6746933.6640
-45714.0790 6746837.4290
-45779.6236 6746768.3994
-45848.1075 6746823.7484
-45893.5791 6746912.7974
-45927.7532 6747006.6195
-45969.0938 6747095.1835
-46059.7164 6747133.8399
-46143.6853 6747187.9649
-46233.2219 6747232.0547
-46328.6196 6747254.9366
-46425.9409 6747232.9068
-46520.1633 6747200.8358
-46616.8604 6747176.0471
-46715.1807 6747159.6748
-46802.0663 6747205.8924
-46850.2140 6747285.2994
-46834.5832 6747383.5821
-46777.6380 6747464.3243
-46701.8537 6747529.5565
-46604.2780 6747534.7912
-46508.9552 6747504.6009
-46414.2155 6747473.9946
-46324.1612 6747511.1581
-46238.5565 6747550.3183
-46197.7872 6747641.6215
-46157.0376 6747732.9342
-46086.9680 6747786.3441
-46004.0329 6747742.3512
-45987.7290 6747645.7352
-46007.4002 6747547.7121
-46047.0705 6747456.5241
-46022.5342 6747401.1803
-45925.0483 6747388.4300
-45836.1942 6747342.9482
-45797.7819 6747252.5871
-45717.1703 6747196.2247
-45619.1645 6747184.4247
-45519.5565 6747193.0722
-45422.8911 6747215.0747
-45326.8821 6747240.1100
-45297.9325 6747155.7449
-45333.7317 6747062.3813
-45367.5707 6746969.0747
-45348.0891 6746871.0823
-45319.7560 6746775.2975
-45287.2889 6746680.7614
-45327.5061 6746610.6853
-45402.8505 6746554.6715
-45377.5117 6746457.9350
-45384.2710 6746363.2880
-45390.2074 6746356.0786
