COAST
1
26 1
-44459.4379 6739536.6081
-44509.2358 6739456.0317
-44596.7532 6739409.4685
-44586.4089 6739315.2094
-44638.3548 6739230.2305
-44692.4135 6739146.1017
-44654.7631 6739071.0357
-44653.9359 6738984.7048
-44733.5515 6738927.1684
-44830.7919 6738931.3930
-44919.7170 6738976.1114
-45002.8683 6739031.6614
-45076.8825 6739098.6556
-45144.6109 6739171.9178
-45200.6604 6739254.6970
-45190.6882 6739329.8855
-45104.9820 6739353.7102
-45034.3296 6739424.4791
-45019.8762 6739517.8012
-44967.5100 6739599.0711
-44871.2970 6739618.9417
-44771.7912 6739609.0555
-44673.8269 6739589.5058
-44576.7026 6739565.6968
-44479.6442 6739541.6205
-44459.4379 6739536.6081
