COAST
1
37 1
-42358.0598 6739439.2747
-42278.9450 6739379.2729
-42246.1093 6739290.6153
-42240.1111 6739190.7953
-42214.6573 6739095.9543
-42170.3599 6739007.1321
-42169.0935 6738907.3222
-42172.9329 6738807.4858
-42157.6881 6738708.6770
-42150.8337 6738609.5001
-42192.0384 6738520.0141
-42256.4551 6738445.6888
-42354.3452 6738445.1488
-42452.8952 6738457.7523
-42527.8414 6738399.2095
-42606.6463 6738337.6550
-42670.8039 6738269.3315
-42716.6975 6738187.0065
-42792.9143 6738122.4228
-42876.1762 6738134.2717
-42921.4872 6738222.1038
-42899.4528 6738313.6260
-42828.8771 6738384.2806
-42773.9243 6738462.8518
-42839.6064 6738534.2649
-42911.0154 6738600.2773
-42888.0523 6738697.0373
-42849.4484 6738789.2856
-42844.2363 6738884.3444
-42821.0655 6738976.6414
-42735.1799 6739026.1806
-42685.8431 6739099.4324
-42638.8004 6739185.8074
-42574.4031 6739262.0884
-42497.8054 6739326.3005
-42419.9700 6739389.0821
-42358.0598 6739439.2747
