COAST
1
266 1
-42676.8152 6729164.5121
-42774.6075 6729185.4070
-42869.2028 6729217.8328
-42949.5980 6729275.0659
-42986.4391 6729368.0322
-43024.5319 6729460.3630
-43079.1351 6729543.9855
-43146.5304 6729617.8614
-43216.8700 6729688.3215
-43300.3981 6729740.4680
-43347.3755 6729828.3283
-43372.1189 6729925.1887
-43390.5467 6730023.4761
-43410.1602 6730121.4792
-43441.8941 6730215.7922
-43496.2743 6730299.7136
-43550.0105 6730384.0274
-43597.1973 6730471.9363
-43626.4317 6730567.3433
-43638.8499 6730666.5035
-43640.7278 6730766.3855
-43632.0499 6730866.0083
-43635.2910 6730961.4042
-43702.3972 6731035.4298
-43766.2910 6731112.3473
-43831.1973 6731188.4207
-43883.1218 6731272.0722
-43911.4024 6731367.7217
-43931.2391 6731465.7321
-43950.3175 6731563.8953
-43968.5003 6731662.2229
-43982.8169 6731761.1438
-43990.8193 6731860.7716
-43992.8192 6731960.7154
-43994.8109 6732060.6352
-44001.1400 6732160.4337
-44007.6593 6732260.2203
-44010.4288 6732360.1095
-44007.8560 6732460.0697
-44003.8835 6732559.9907
-43999.3873 6732659.8885
-43994.4137 6732759.7647
-43989.8422 6732859.6595
-43985.6844 6732959.5730
-43996.3002 6733057.5576
-44064.2489 6733116.5268
-44158.2537 6733150.6311
-44252.2585 6733184.7354
-44349.7701 6733195.8718
-44448.2333 6733207.8137
-44525.8580 6733263.9808
-44561.9761 6733354.2859
-44577.5818 6733452.9605
-44590.4129 6733552.1339
-44612.6896 6733649.4298
-44693.4329 6733622.8878
-44782.5434 6733577.5082
-44871.6540 6733532.1286
-44966.8526 6733502.2128
-45055.6965 6733540.8669
-45125.1745 6733612.6359
-45182.8067 6733694.3260
-45226.1483 6733784.4155
-45235.2908 6733883.8809
-45136.2803 6733879.9222
-45036.8949 6733868.8524
-44937.5811 6733859.6149
-44860.4635 6733898.7485
-44845.2770 6733997.5886
-44830.0905 6734096.4287
-44837.4160 6734187.4106
-44916.7570 6734246.8771
-45005.0268 6734293.8549
-45093.2830 6734340.8339
-45182.8532 6734385.2967
-45275.8516 6734419.9326
-45373.5440 6734419.8168
-45463.1895 6734438.7294
-45524.4632 6734514.0606
-45568.2064 6734603.9497
-45610.0614 6734694.7691
-45630.2843 6734790.9499
-45591.8375 6734876.8007
-45514.8683 6734939.0538
-45424.6258 6734980.9824
-45329.1779 6735010.4678
-45232.8263 6735037.2328
-45160.2616 6735100.2671
-45097.9354 6735178.4667
-45037.4050 6735258.0566
-44986.1578 6735343.6844
-44916.5958 6735413.4230
-44829.6154 6735461.6115
-44734.6770 6735492.0124
-44638.1016 6735517.9585
-44541.5263 6735543.9046
-44451.7181 6735586.5378
-44370.1720 6735644.0961
-44290.5423 6735704.5866
-44222.6548 6735777.3618
-44176.0548 6735865.1733
-44149.4428 6735961.1980
-44147.7657 6736060.6757
-44169.3738 6736157.8966
-44170.3472 6736257.2559
-44130.6010 6736348.1469
-44076.8152 6736432.3672
-44020.4005 6736514.9323
-43963.8171 6736597.3842
-43977.9489 6736693.3010
-44029.3073 6736779.1050
-44077.5955 6736865.2017
-44042.4467 6736958.7843
-44001.0027 6737049.7920
-43959.5587 6737140.7996
-43920.4556 6737232.6125
-43928.5666 6737314.6352
-44019.3333 6737356.6043
-44111.7645 6737393.9149
-44207.4707 6737398.9029
-44300.9470 6737363.3756
-44394.4233 6737327.8483
-44488.7703 6737294.9345
-44584.1185 6737288.1592
-44653.5378 6737348.7113
-44670.6600 6737444.3493
-44648.7476 6737540.6592
-44585.3282 6737610.0983
-44490.2360 6737632.7264
-44390.3423 6737637.0242
-44290.3864 6737639.9941
-44190.6070 6737646.1314
-44094.9244 6737627.0007
-44025.6859 6737558.6116
-43964.3533 6737479.6287
-43898.7581 6737404.2161
-43811.1070 6737360.4591
-43744.9029 6737289.5201
-43768.5622 6737201.6708
-43813.0695 6737112.1214
-43832.9873 6737014.9869
-43757.0019 6736952.2819
-43678.1975 6736890.7199
-43599.3932 6736829.1580
-43504.1102 6736799.6253
-43417.6874 6736749.6144
-43345.5066 6736681.3383
-43312.2462 6736588.0937
-43320.5369 6736488.4667
-43333.8459 6736389.4469
-43324.0225 6736293.7074
-43260.2111 6736217.0098
-43210.1035 6736130.5830
-43176.2860 6736037.8767
-43178.0877 6735938.1105
-43196.2528 6735839.9878
-43234.8097 6735749.1462
-43287.2581 6735667.4445
-43249.8761 6735591.6318
-43161.3632 6735545.8664
-43065.2127 6735523.5378
-43066.7080 6735608.0125
-43083.6977 6735706.5586
-43083.7394 6735806.3374
-43057.3612 6735902.3966
-43009.1750 6735989.7222
-42949.9972 6736070.2550
-42889.8216 6736150.1230
-42835.7785 6736082.5934
-42785.5531 6735996.1411
-42721.5972 6735934.4278
-42629.0695 6735966.7637
-42541.3448 6736014.6904
-42452.3675 6736060.3308
-42367.7816 6736113.0685
-42289.0897 6736174.7072
-42201.3646 6736216.9075
-42110.1554 6736192.9385
-42031.0430 6736132.7716
-41966.3189 6736057.1081
-41910.0669 6735974.4907
-41857.1298 6735889.6608
-41804.9155 6735804.3749
-41752.8214 6735719.0157
-41700.7813 6735633.6235
-41645.4070 6735550.3988
-41569.2898 6735488.2000
-41485.8178 6735433.1478
-41414.5775 6735363.9613
-41377.7578 6735273.3826
-41369.2760 6735174.2919
-41363.5372 6735074.4831
-41356.3737 6734974.7400
-41344.9558 6734875.4295
-41322.8058 6734778.0792
-41306.0576 6734679.6442
-41292.5832 6734580.5561
-41278.1466 6734481.6054
-41263.7434 6734382.6484
-41256.8592 6734282.9869
-41256.5280 6734183.0145
-41258.9224 6734083.0463
-41261.7997 6733983.0877
-41262.2417 6733883.0996
-41256.5469 6733783.3122
-41248.9397 6733683.6020
-41241.1620 6733583.9049
-41237.4944 6733484.0041
-41243.4515 6733384.2998
-41252.3137 6733284.6932
-41247.7438 6733185.1220
-41237.5164 6733085.6476
-41234.8696 6732985.7825
-41234.7555 6732885.7826
-41231.2264 6732785.8637
-41224.0224 6732686.1342
-41215.9925 6732586.4572
-41210.4132 6732486.6226
-41226.0672 6732388.5407
-41248.7163 6732291.1397
-41262.8525 6732192.2485
-41274.6648 6732092.9486
-41283.3506 6731993.3398
-41274.5103 6731894.0946
-41316.8451 6731807.4857
-41389.5870 6731763.6595
-41393.8761 6731664.4334
-41424.0039 6731569.4109
-41468.5975 6731479.9145
-41517.5533 6731392.8395
-41573.8176 6731310.1696
-41630.0820 6731227.4996
-41667.0520 6731141.8899
-41637.0979 6731046.4950
-41604.5094 6730951.9541
-41579.2368 6730856.0567
-41576.2069 6730756.1026
-41573.3749 6730656.1433
-41573.0222 6730556.1978
-41582.1342 6730456.8279
-41607.1830 6730360.3803
-41653.3451 6730272.8956
-41726.3598 6730238.8355
-41768.0785 6730316.3468
-41767.7665 6730416.3080
-41786.8099 6730420.8846
-41814.4963 6730324.9417
-41851.4550 6730232.1121
-41892.8493 6730141.0818
-41924.0972 6730046.9063
-41935.9499 6729947.8093
-41940.7449 6729847.9243
-41923.2868 6729752.9013
-41874.8457 6729665.4702
-41837.6739 6729574.1462
-41845.1683 6729478.4670
-41900.9233 6729398.6485
-41978.2671 6729335.4849
-42069.3204 6729306.4554
-42167.9844 6729317.7496
-42265.8650 6729338.2285
-42362.3330 6729327.8831
-42445.7418 6729275.3167
-42530.0781 6729222.0011
-42621.9229 6729183.1889
-42676.8152 6729164.5121
