COAST
1
46 1
-45819.4354 6737495.2502
-45719.4416 6737494.1390
-45622.2724 6737479.4366
-45570.8342 6737393.7976
-45537.0813 6737299.6661
-45502.2210 6737206.0970
-45438.5155 6737137.4601
-45338.5226 6737136.2682
-45238.5297 6737135.0763
-45140.1465 6737126.7919
-45059.7862 6737073.6246
-45028.4648 6736982.7564
-45056.8482 6736889.7733
-45117.5471 6736810.4235
-45182.8900 6736734.7246
-45248.2328 6736659.0258
-45290.1848 6736574.6891
-45283.3187 6736475.2206
-45282.0298 6736376.7826
-45320.0309 6736287.3086
-45381.4294 6736208.3961
-45440.3485 6736127.6070
-45494.9310 6736043.9233
-45545.3685 6735957.5751
-45623.0282 6735911.7291
-45720.0231 6735923.5960
-45812.9732 6735959.9436
-45904.1698 6736000.9702
-45998.1806 6736034.4443
-46080.2908 6736087.1366
-46130.9605 6736170.9752
-46165.4967 6736264.7661
-46197.8923 6736359.3733
-46229.5326 6736454.2341
-46227.3222 6736551.3604
-46181.2210 6736638.5806
-46126.6635 6736722.3868
-46072.1060 6736806.1930
-46036.3196 6736898.8501
-46014.5665 6736996.3506
-45995.1575 6737094.4490
-45971.5832 6737191.6037
-45945.3111 6737288.0873
-45906.1601 6737379.8310
-45848.3437 6737460.8847
-45819.4354 6737495.2502
