COAST
1
195 1
-43186.9517 6724145.1745
-43213.2683 6724241.6496
-43226.0829 6724340.8250
-43214.4108 6724440.1412
-43190.2757 6724537.1850
-43169.0693 6724634.8922
-43176.0694 6724734.6469
-43183.0283 6724834.4026
-43180.7569 6724934.3751
-43171.6268 6725033.9127
-43126.9168 6725122.5097
-43045.2445 6725179.9721
-42954.5961 6725222.1961
-42863.9477 6725264.4201
-42775.7500 6725309.6849
-42719.2065 6725391.4714
-42680.9302 6725483.3077
-42620.3925 6725562.8044
-42553.7671 6725637.3640
-42489.3854 6725713.8820
-42425.0038 6725790.4001
-42369.4749 6725870.9065
-42352.0229 6725969.2181
-42323.1454 6726064.9339
-42290.4228 6726159.4285
-42262.1492 6726254.9602
-42245.7962 6726353.3290
-42214.4715 6726448.2626
-42174.3668 6726539.4172
-42122.8319 6726624.7981
-42083.4272 6726716.7060
-42051.0575 6726810.5778
-42062.4672 6726904.1557
-42119.7443 6726986.1272
-42181.4172 6727064.4243
-42244.6965 6727140.8452
-42289.9542 6727229.8366
-42338.8384 6727316.2723
-42398.7419 6727396.3446
-42461.4720 6727474.1233
-42532.7222 6727543.8411
-42569.0756 6727626.3809
-42525.8164 6727707.6825
-42451.6730 6727774.7803
-42377.0704 6727841.3720
-42307.7776 6727913.1938
-42297.7497 6728003.0667
-42318.5542 6728100.8786
-42340.0121 6728198.5480
-42380.0257 6728289.0378
-42403.8412 6728384.0413
-42395.9391 6728482.8967
-42342.4362 6728562.2290
-42251.7724 6728547.8950
-42157.0848 6728515.7351
-42131.2544 6728428.1271
-42092.7832 6728336.0394
-42041.1229 6728250.4305
-41989.3066 6728164.9024
-41937.4903 6728079.3742
-41852.6265 6728128.9111
-41780.3179 6728197.7832
-41725.7205 6728279.0658
-41698.3442 6728374.4707
-41635.8328 6728435.7178
-41558.8406 6728386.7384
-41493.5889 6728311.1854
-41424.5420 6728238.8492
-41391.3444 6728266.0505
-41384.8504 6728365.8384
-41424.0299 6728362.5765
-41449.8341 6728431.9081
-41414.7766 6728525.3449
-41364.4387 6728611.4425
-41301.9378 6728689.5042
-41251.1624 6728771.9488
-41242.4144 6728871.1347
-41208.6395 6728963.9282
-41147.4335 6729043.0078
-41088.4519 6729123.4734
-41048.0522 6729213.8081
-41027.7309 6729311.4476
-40977.3246 6729377.1078
-40888.7320 6729338.0096
-40808.4715 6729278.3638
-40727.5762 6729219.5773
-40647.5813 6729159.5933
-40577.9224 6729088.8971
-40521.6530 6729006.4560
-40471.0082 6728920.2361
-40429.7362 6728829.5506
-40412.0978 6728732.2820
-40414.0553 6728632.4630
-40421.0636 6728532.7089
-40430.1998 6728433.1452
-40451.1220 6728335.7865
-40489.2418 6728243.7420
-40534.3182 6728154.4777
-40579.6384 6728065.3373
-40638.9646 6727986.1922
-40691.5340 6727902.9322
-40724.1141 6727808.6457
-40649.5679 6727812.5549
-40599.5235 6727742.7889
-40600.0129 6727642.7901
-40589.3479 6727549.7672
-40501.1819 6727503.5042
-40436.6034 6727431.8960
-40432.7924 6727332.4946
-40458.1684 6727236.6486
-40516.7543 6727157.2224
-40600.1046 6727101.9709
-40686.0277 6727052.8482
-40783.9399 6727039.4224
-40882.5723 6727053.2926
-40899.7763 6727003.5347
-40878.3744 6726909.0931
-40884.3412 6726809.4534
-40912.1897 6726714.4457
-40951.0567 6726622.3081
-40988.5675 6726529.6175
-41023.4573 6726435.9134
-41057.2143 6726341.7834
-41081.3696 6726245.0780
-41097.7746 6726146.4400
-41159.7519 6726083.0445
-41250.1472 6726040.2875
-41218.7534 6725962.3327
-41170.7991 6725879.8109
-41199.9300 6725788.1262
-41273.1203 6725720.5019
-41333.0982 6725640.5567
-41354.5016 6725559.6107
-41279.0048 6725498.2850
-41213.4358 6725446.8562
-41223.2357 6725348.4316
-41253.9934 6725253.2793
-41284.7511 6725158.1270
-41305.8385 6725061.4011
-41265.0189 6724984.5967
-41179.6688 6724932.4875
-41111.3637 6724863.7168
-41098.5397 6724769.9487
-41148.8481 6724689.7205
-41240.8300 6724670.4515
-41320.1507 6724723.2094
-41373.6479 6724806.8903
-41422.8790 6724893.9322
-41466.6423 6724983.8017
-41498.0832 6725078.5732
-41527.1906 6725174.2433
-41556.2979 6725269.9134
-41600.2282 6725359.4465
-41629.4635 6725454.6694
-41604.8703 6725551.5981
-41580.3386 6725648.5396
-41564.2402 6725747.2348
-41550.9747 6725846.3018
-41508.7599 6725936.8891
-41451.0418 6726018.5507
-41398.2957 6726095.2249
-41479.6732 6726037.1089
-41561.3202 6725979.6220
-41651.0444 6725935.5513
-41743.4079 6725897.2571
-41831.0597 6725851.0139
-41881.5825 6725770.1889
-41886.3146 6725670.3023
-41895.9408 6725570.9931
-41927.4837 6725478.0409
-41993.6735 6725404.4531
-42074.0435 6725344.9636
-42153.2859 6725283.9665
-42227.6408 6725217.8951
-42265.4570 6725131.8027
-42263.8111 6725031.8163
-42230.4093 6724948.5129
-42189.9510 6724873.4528
-42206.3774 6724774.8111
-42222.7678 6724676.1635
-42238.6451 6724577.4335
-42268.2002 6724483.5687
-42325.5686 6724402.5155
-42404.6901 6724345.5070
-42498.0967 6724309.7971
-42586.0827 6724264.1266
-42652.0529 6724191.7529
-42716.6855 6724117.7839
-42804.9779 6724074.9383
-42903.2625 6724062.0931
-42959.1225 6724119.6766
-42971.3033 6724218.6248
-43025.3477 6724180.8718
-43101.8156 6724121.5657
-43186.9517 6724145.1745
