COAST
1
30 1
-36057.7264 6709757.2489
-36140.3167 6709700.8677
-36222.9070 6709644.4865
-36305.4974 6709588.1053
-36388.1547 6709531.8994
-36487.2933 6709518.8024
-36586.4320 6709505.7055
-36685.5706 6709492.6085
-36744.3485 6709537.8906
-36767.1119 6709635.2652
-36789.8752 6709732.6399
-36812.6385 6709830.0146
-36812.3175 6709928.0625
-36795.2672 6710026.5982
-36778.2168 6710125.1339
-36761.1665 6710223.6696
-36713.5643 6710307.1457
-36645.7968 6710380.6818
-36578.0293 6710454.2180
-36499.3713 6710457.8349
-36412.4490 6710408.3928
-36325.5267 6710358.9508
-36238.6044 6710309.5088
-36174.8055 6710237.4688
-36127.3741 6710149.4332
-36079.9427 6710061.3977
-36036.4905 6709972.5640
-36046.3056 6709873.0469
-36056.1206 6709773.5297
-36057.7264 6709757.2489
