COAST
1
275 1
-58344.2864 6778857.5812
-58444.1994 6778861.7492
-58540.3064 6778889.3697
-58621.9025 6778947.1780
-58691.3126 6779019.1658
-58760.7462 6779091.0881
-58856.7050 6779070.5466
-58942.0270 6779019.0265
-59035.2872 6778996.8673
-59130.7406 6779026.6774
-59227.0973 6779052.1991
-59326.5099 6779062.9940
-59426.0690 6779072.3736
-59524.4300 6779087.2398
-59600.7252 6779138.9904
-59630.7955 6779233.8979
-59633.9062 6779331.8301
-59598.8579 6779424.4840
-59546.1263 6779509.4384
-59491.7517 6779593.3634
-59437.3771 6779677.2884
-59383.0025 6779761.2133
-59350.4470 6779850.9007
-59336.0401 6779946.2258
-59289.4453 6780034.6954
-59295.0052 6780115.3308
-59349.3259 6780196.1907
-59399.5918 6780280.3177
-59441.2531 6780216.9283
-59507.4978 6780260.2606
-59538.2887 6780355.0622
-59576.0823 6780447.6353
-59618.2959 6780538.1960
-59715.2560 6780554.9024
-59744.0561 6780648.5250
-59696.5434 6780736.5167
-59651.8400 6780825.2804
-59651.7997 6780924.7094
-59679.4374 6781020.8131
-59707.9888 6781116.6477
-59734.6997 6781213.0144
-59761.4002 6781309.3839
-59785.7629 6781406.1754
-59781.7568 6781499.5397
-59696.6832 6781552.0093
-59609.1446 6781600.2266
-59524.6382 6781653.6072
-59435.0108 6781696.6810
-59337.1536 6781716.4033
-59237.4564 6781724.1797
-59144.0416 6781744.7674
-59208.1814 6781798.2064
-59270.7614 6781874.7730
-59182.9666 6781921.5885
-59085.0708 6781941.9172
-58985.0928 6781943.0455
-58886.1087 6781928.8273
-58787.1246 6781914.6092
-58688.1406 6781900.3911
-58589.1477 6781886.4657
-58653.7794 6781907.5883
-58750.9374 6781931.2597
-58848.0953 6781954.9311
-58945.9293 6781975.5857
-59045.0275 6781968.9395
-59144.3399 6781957.2328
-59243.8232 6781947.1036
-59343.7129 6781943.1706
-59443.6731 6781940.3496
-59536.5845 6781906.1150
-59633.0383 6781880.2425
-59731.9113 6781892.6136
-59815.0487 6781947.3700
-59834.2609 6782045.3911
-59843.4812 6782144.9507
-59863.0740 6782243.0123
-59881.2135 6782340.9550
-59867.2964 6782439.9819
-59853.3793 6782539.0087
-59839.6055 6782638.0542
-59831.1937 6782736.9411
-59866.1728 6782830.5935
-59908.7961 6782921.0548
-59951.4193 6783011.5162
-59994.0425 6783101.9776
-60037.4558 6783192.0083
-60091.1157 6783276.3413
-60152.7459 6783355.0923
-60216.5256 6783431.3179
-60305.4374 6783457.2530
-60398.1188 6783419.7010
-60490.8002 6783382.1490
-60583.4816 6783344.5970
-60665.2428 6783294.3919
-60726.5790 6783218.1393
-60812.6360 6783167.9799
-60907.4150 6783144.2108
-60963.5673 6783204.5104
-60971.6294 6783302.8328
-60969.5131 6783402.7995
-60972.6160 6783502.7060
-60977.9089 6783602.5658
-60983.2018 6783702.4257
-60994.2840 6783801.7195
-60983.5027 6783899.4832
-60938.0143 6783987.2125
-60874.6812 6784064.2763
-60795.3024 6784123.8369
-60707.1013 6784170.7252
-60618.4676 6784217.0107
-60530.2025 6784264.0135
-60441.9374 6784311.0164
-60363.5132 6784372.1571
-60302.9842 6784451.0345
-60247.0258 6784533.9118
-60191.0673 6784616.7892
-60135.1089 6784699.6665
-60058.8849 6784762.3252
-60036.0427 6784697.3670
-60034.4415 6784597.3845
-60028.5080 6784497.5607
-60022.5746 6784397.7369
-60016.6411 6784297.9130
-60006.3026 6784202.3132
-59906.7690 6784192.8841
-59806.8277 6784189.4584
-59706.8864 6784186.0327
-59608.1857 6784187.8601
-59525.2128 6784241.5610
-59461.4363 6784318.5841
-59397.6598 6784395.6072
-59329.0462 6784466.7770
-59238.6218 6784491.3194
-59150.4205 6784450.4580
-59101.3087 6784369.2803
-59102.2555 6784270.6836
-59122.0925 6784172.6709
-59141.9295 6784074.6581
-59140.0582 6783977.7615
-59080.7083 6783903.1387
-59000.8173 6783842.9937
-58920.9262 6783782.8486
-58841.0352 6783722.7036
-58838.4006 6783647.3062
-58915.0923 6783590.6063
-59007.0703 6783551.3629
-59099.0483 6783512.1195
-59192.9683 6783478.0482
-59288.8319 6783449.6618
-59385.1604 6783422.8136
-59481.4889 6783395.9653
-59576.3835 6783364.6301
-59589.7334 6783286.6715
-59567.3068 6783189.2187
-59544.8803 6783091.7659
-59522.4537 6782994.3131
-59464.0367 6782918.0645
-59366.5975 6782932.9074
-59268.2451 6782950.9848
-59169.8926 6782969.0623
-59071.5402 6782987.1397
-59009.5082 6782913.8288
-58910.3142 6782914.3756
-58816.9327 6782900.5205
-58802.1171 6782834.0472
-58880.9290 6782775.4613
-58967.8477 6782726.0232
-58996.9523 6782647.4479
-58921.4278 6782581.9567
-58842.5494 6782548.7408
-58759.9614 6782599.3234
-58703.1628 6782563.7607
-58728.2372 6782469.9866
-58806.7310 6782426.5439
-58906.2672 6782416.9234
-58963.4195 6782358.8935
-58973.7639 6782259.8046
-58909.4640 6782216.3849
-58810.0974 6782212.1576
-58729.6332 6782228.4653
-58686.8255 6782318.8329
-58635.2327 6782403.7252
-58568.5273 6782477.8860
-58496.8541 6782547.6195
-58430.2463 6782621.9355
-58392.2383 6782710.7348
-58451.3139 6782779.2756
-58530.3678 6782840.5092
-58605.2102 6782906.7527
-58676.1820 6782977.1695
-58746.3707 6783048.3984
-58697.2961 6783107.5959
-58603.6777 6783094.5659
-58516.2338 6783046.5938
-58429.7461 6782996.3955
-58339.6412 6782953.1025
-58268.5333 6782883.6682
-58241.2624 6782788.5482
-58223.7044 6782690.1154
-58133.4685 6782701.7517
-58044.4284 6782730.3722
-57992.0919 6782680.2262
-58032.5619 6782589.0747
-58079.1707 6782500.6100
-58119.9469 6782409.4624
-58116.9663 6782318.4588
-58109.6174 6782223.3900
-58143.2105 6782129.7554
-58074.0289 6782123.9809
-57978.2254 6782152.5970
-57882.4801 6782181.4559
-57878.2490 6782279.8696
-57885.3802 6782379.6148
-57891.2985 6782478.9541
-57834.0428 6782543.1852
-57734.0860 6782542.6653
-57642.2748 6782518.3524
-57580.5131 6782441.5870
-57532.3791 6782353.9462
-57482.8193 6782267.0910
-57427.3583 6782184.2478
-57370.5172 6782102.3191
-57326.4744 6782012.8342
-57314.4635 6781917.3507
-57300.5968 6781823.9473
-57236.7628 6781749.6466
-57171.9527 6781675.4247
-57125.4403 6781587.1638
-57092.0462 6781493.1964
-57085.0874 6781395.0094
-57103.9450 6781297.2439
-57140.4276 6781204.5440
-57215.9561 6781157.2198
-57299.6553 6781202.6241
-57371.8880 6781271.5645
-57438.9627 6781345.7011
-57519.1094 6781404.7909
-57607.4258 6781451.4842
-57704.2264 6781474.6892
-57718.4636 6781433.6565
-57637.3575 6781375.3771
-57560.4158 6781311.5200
-57487.3494 6781243.3989
-57419.7577 6781169.7618
-57357.9003 6781091.3254
-57313.1526 6781003.3403
-57292.9493 6780905.8540
-57282.4974 6780806.4017
-57252.1063 6780713.7832
-57203.3784 6780626.5767
-57173.1811 6780532.4034
-57170.6494 6780433.3348
-57184.5368 6780334.3669
-57201.6970 6780235.8502
-57198.3796 6780137.7570
-57171.9960 6780041.4182
-57154.2804 6779943.6860
-57156.4258 6779844.0728
-57186.7096 6779750.6496
-57242.3329 6779668.1051
-57306.0003 6779591.0036
-57370.5436 6779514.6219
-57435.0869 6779438.2402
-57494.7393 6779358.1475
-57543.7469 6779271.2438
-57616.3820 6779209.1011
-57704.6620 6779162.1261
-57792.9419 6779115.1511
-57881.2219 6779068.1761
-57969.8630 6779021.8898
-58059.9685 6778978.5720
-58151.3928 6778938.0713
-58243.5631 6778899.2892
-58335.9553 6778861.0310
-58344.2864 6778857.5812
