COAST
1
178 1
-59143.8611 6775620.8808
-59066.8493 6775557.0906
-58989.8781 6775493.2515
-58915.1090 6775426.8485
-58854.3270 6775347.4416
-58802.0714 6775262.1811
-58749.8157 6775176.9207
-58697.4230 6775091.7444
-58643.4495 6775007.5609
-58589.4747 6774923.3782
-58534.2266 6774840.0274
-58469.0081 6774764.2216
-58406.3811 6774686.2756
-58361.0346 6774597.1485
-58312.8040 6774509.5482
-58264.5908 6774421.9388
-58219.6043 6774332.6330
-58183.4567 6774239.3951
-58145.2180 6774146.9949
-58106.9793 6774054.5946
-58068.7406 6773962.1944
-58030.3011 6773869.9174
-57965.1765 6773794.0332
-57896.6136 6773721.2563
-57839.1847 6773639.8074
-57845.0891 6773540.7575
-57897.6393 6773455.6783
-57950.1895 6773370.5990
-58002.7398 6773285.5198
-58051.2946 6773199.5799
-58028.8824 6773104.0622
-57980.1686 6773018.2400
-57972.9332 6772921.0039
-58009.0257 6772828.4577
-58066.0201 6772746.6985
-58134.2623 6772673.6284
-58204.7174 6772602.6630
-58255.0759 6772523.3614
-58248.5050 6772424.0155
-58229.6402 6772325.8110
-58210.7753 6772227.6066
-58191.9105 6772129.4021
-58154.3489 6772041.0337
-58086.0814 6771968.0442
-58021.2273 6771891.9264
-57951.0567 6771821.4273
-57863.6222 6771778.8302
-57765.2220 6771761.0144
-57667.9182 6771738.6135
-57577.2482 6771698.8571
-57506.9035 6771631.0593
-57481.2398 6771539.1607
-57498.1239 6771441.3187
-57563.6633 6771396.8709
-57658.7276 6771422.0962
-57750.7164 6771461.3143
-57843.0244 6771499.7696
-57938.8939 6771526.7093
-58038.0816 6771532.2177
-58138.0211 6771528.7386
-58237.9605 6771525.2595
-58337.9000 6771521.7804
-58437.7726 6771516.8629
-58537.3409 6771507.9158
-58633.9885 6771523.8665
-58731.8159 6771542.2837
-58818.6934 6771504.4169
-58905.1842 6771454.5159
-58995.1208 6771410.8591
-59085.7101 6771368.5083
-59181.4617 6771341.4933
-59229.2847 6771406.3694
-59254.2083 6771503.2129
-59279.9873 6771599.8330
-59305.7694 6771696.4523
-59331.5515 6771793.0715
-59375.5671 6771881.1929
-59468.0282 6771919.1396
-59565.0106 6771942.0280
-59664.6257 6771939.1031
-59755.9546 6771970.0545
-59788.9746 6772064.4116
-59815.6194 6772160.7965
-59845.9057 6772255.5102
-59911.5086 6772324.6198
-60008.2753 6772349.8430
-60105.0419 6772375.0661
-60201.3627 6772401.7969
-60296.1278 6772433.7170
-60387.5170 6772472.7077
-60472.0590 6772525.6294
-60564.4987 6772546.0887
-60661.7131 6772537.3735
-60757.8458 6772563.7396
-60851.3533 6772599.1848
-60944.7986 6772634.7928
-61034.5442 6772677.8492
-61079.2923 6772753.8698
-61028.6279 6772820.3054
-60932.2037 6772832.8948
-60832.3783 6772826.9881
-60732.5529 6772821.0814
-60633.5986 6772829.5909
-60600.4974 6772909.7544
-60587.2696 6773008.8756
-60574.0417 6773107.9969
-60553.6061 6773205.8031
-60472.1142 6773177.9962
-60404.2552 6773105.6811
-60358.4811 6773017.1612
-60315.2335 6772926.9967
-60271.9860 6772836.8321
-60228.7385 6772746.6675
-60171.0946 6772665.1817
-60093.4125 6772602.7198
-60013.9407 6772542.0218
-59934.4690 6772481.3239
-59854.9972 6772420.6260
-59793.5629 6772486.5431
-59759.6458 6772580.6155
-59725.7287 6772674.6880
-59686.3494 6772765.8795
-59613.8530 6772798.0145
-59526.6983 6772750.6818
-59448.0488 6772688.9529
-59370.8253 6772625.4193
-59293.6017 6772561.8856
-59216.3781 6772498.3520
-59135.4396 6772440.1222
-59046.0693 6772396.1024
-58952.7940 6772360.0700
-58856.9090 6772340.5905
-58766.3213 6772372.9855
-58683.4078 6772428.8904
-58600.4943 6772484.7952
-58518.3311 6772541.7846
-58453.4631 6772615.1072
-58402.0226 6772700.8619
-58356.0217 6772789.4818
-58375.6886 6772874.6402
-58433.5444 6772956.2044
-58491.4001 6773037.7685
-58549.2558 6773119.3327
-58614.6851 6773194.5538
-58673.5771 6773274.5888
-58707.1649 6773367.4919
-58728.9037 6773465.0993
-58750.2947 6773562.7846
-58771.6858 6773660.4700
-58793.0769 6773758.1553
-58848.4242 6773835.4225
-58936.4998 6773880.6096
-59023.9721 6773928.5426
-59106.7433 6773984.5761
-59186.4028 6774044.9890
-59160.7315 6774116.9139
-59074.3868 6774167.3578
-58988.0421 6774217.8018
-58901.6974 6774268.2457
-58815.5284 6774318.9541
-58753.1406 6774382.1150
-58807.8362 6774465.8311
-58866.9129 6774544.7522
-58956.1903 6774589.6024
-59046.0152 6774632.4393
-59126.1231 6774692.1111
-59198.8406 6774760.5053
-59259.6034 6774839.2855
-59303.3466 6774929.0430
-59314.2447 6775019.8017
-59239.0836 6775069.8141
-59214.0221 6775117.6614
-59259.8418 6775206.4621
-59277.0434 6775302.7348
-59251.8893 6775397.2510
-59210.6128 6775488.3342
-59166.6273 6775578.1159
-59143.8611 6775620.8808
