COAST
1
52 1
-57363.6463 6750703.1848
-57305.3121 6750784.4070
-57258.6162 6750872.5323
-57171.8873 6750881.1863
-57099.7104 6750895.7218
-57013.2012 6750846.7234
-56916.6984 6750824.4269
-56860.7801 6750768.9782
-56845.5599 6750680.3631
-56767.1010 6750651.3489
-56674.1491 6750669.8125
-56596.7037 6750606.9281
-56511.0898 6750638.3009
-56411.4914 6750629.4911
-56311.5388 6750627.0746
-56216.0862 6750646.8670
-56126.8455 6750677.6184
-56045.6176 6750619.8447
-56001.3987 6750706.8727
-55953.3288 6750759.3046
-55892.1179 6750708.3708
-55882.9516 6750609.9213
-55854.7525 6750518.2758
-55919.1261 6750466.9461
-55967.3740 6750469.6844
-55969.8800 6750369.9667
-55998.5443 6750276.4009
-56073.1171 6750212.6284
-56109.9042 6750133.4361
-56088.3710 6750051.8302
-56184.9758 6750067.1517
-56275.4958 6750104.8512
-56342.2764 6750178.6301
-56292.6068 6750251.7421
-56254.1855 6750339.6435
-56340.3543 6750316.5925
-56429.5792 6750272.5605
-56505.1036 6750208.3288
-56593.3010 6750161.2936
-56676.7919 6750163.9788
-56666.9386 6750260.2461
-56700.0997 6750350.7305
-56762.9894 6750428.2167
-56801.3428 6750510.7325
-56811.4729 6750597.3197
-56906.5536 6750602.6935
-56989.6637 6750552.0766
-57088.4193 6750540.0405
-57178.4595 6750539.0171
-57238.9876 6750617.6858
-57325.1940 6750668.1921
-57363.6463 6750703.1848
