COAST
1
22 1
-56031.1248 6751265.9897
-56111.2812 6751210.3804
-56197.7093 6751243.7108
-56286.0410 6751260.6865
-56366.0894 6751307.2716
-56464.0168 6751293.8189
-56549.6401 6751248.6115
-56612.4227 6751225.9635
-56641.7933 6751190.8174
-56684.9412 6751250.1675
-56706.5559 6751346.0719
-56639.9214 6751412.6520
-56551.4817 6751459.2703
-56476.0852 6751520.8102
-56377.9500 6751538.6172
-56298.7778 6751598.4130
-56223.5450 6751620.8351
-56164.3196 6751548.4670
-56130.3345 6751461.4623
-56073.5721 6751381.0923
-56027.9795 6751296.7161
-56031.1248 6751265.9897
