COAST
1
55 1
-58165.5682 6769483.9477
-58201.2700 6769390.5506
-58269.9650 6769318.0675
-58366.3399 6769291.3869
-58462.3779 6769263.5242
-58559.9831 6769241.8173
-58659.4734 6769231.7329
-58758.9660 6769221.6742
-58858.6147 6769213.6583
-58957.6862 6769224.0839
-59047.2678 6769180.1637
-59132.0975 6769127.7800
-59223.8546 6769088.0226
-59315.6116 6769048.2652
-59407.9857 6769010.0950
-59503.7585 6768984.1331
-59602.5716 6768988.4683
-59688.6067 6769032.2950
-59751.1296 6769110.3391
-59809.1930 6769191.3096
-59855.3153 6769280.0318
-59896.3128 6769371.0271
-59927.6138 6769465.9979
-59957.5740 6769561.4043
-59986.0281 6769657.2387
-60001.0141 6769754.9142
-59982.8168 6769852.3528
-59949.0574 6769946.4047
-59920.3525 6770042.1963
-59891.6476 6770137.9879
-59858.7539 6770232.2147
-59803.1538 6770311.4783
-59718.4698 6770325.9631
-59669.2674 6770248.8822
-59645.1664 6770151.8300
-59621.0653 6770054.7777
-59596.9642 6769957.7255
-59540.8042 6769880.5808
-59457.3979 6769826.1124
-59370.2966 6769776.9870
-59283.1161 6769728.0016
-59187.7770 6769704.4166
-59095.9092 6769668.8403
-58999.2324 6769661.6343
-58901.4698 6769681.6035
-58804.2415 6769704.9844
-58707.0133 6769728.3652
-58609.7850 6769751.7461
-58560.3264 6769829.9228
-58470.8106 6769842.0711
-58385.7102 6769793.3373
-58307.5919 6769730.9824
-58258.5557 6769644.9337
-58208.8631 6769558.1789
-58165.5682 6769483.9477
