COAST
1
21 1
-60402.9540 6766576.9766
-60340.8274 6766655.2088
-60250.4171 6766697.9403
-60160.0068 6766740.6719
-60069.5966 6766783.4034
-59979.2822 6766826.2954
-59901.0312 6766887.6381
-59847.5550 6766970.5231
-59761.3715 6767021.0635
-59669.6952 6767049.0403
-59595.8297 6766997.7743
-59632.8863 6766919.0327
-59716.8986 6766864.9000
-59802.7767 6766813.6657
-59888.5242 6766762.2138
-59974.1122 6766710.4964
-60059.6739 6766658.7354
-60145.2356 6766606.9745
-60232.6549 6766558.5725
-60327.1863 6766540.0032
-60402.9540 6766576.9766
