COAST
1
25 1
-57993.4089 6770912.1726
-57896.6440 6770886.9423
-57800.1865 6770860.5734
-57712.1155 6770813.2269
-57643.3944 6770742.5904
-57645.4713 6770642.6378
-57637.3286 6770542.9699
-57629.1859 6770443.3020
-57621.0431 6770343.6340
-57613.9981 6770244.0047
-57630.9678 6770145.7957
-57682.7102 6770061.2716
-57772.0849 6770022.8874
-57863.5587 6770062.4405
-57941.4130 6770124.9332
-58001.9563 6770202.9876
-58026.5919 6770299.8558
-58043.6915 6770398.3830
-58060.7911 6770496.9102
-58077.8906 6770595.4374
-58101.8483 6770690.6630
-58133.6792 6770762.9370
-58053.4625 6770822.2330
-57996.9193 6770894.7336
-57993.4089 6770912.1726
