COAST
1
23 1
-57862.5389 6759450.3565
-57817.4293 6759516.8740
-57731.3027 6759502.5616
-57691.0485 6759418.7723
-57611.2652 6759359.5355
-57533.4180 6759353.4962
-57519.6269 6759280.6175
-57512.8302 6759193.5240
-57456.6493 6759119.1068
-57488.7676 6759027.8755
-57564.6846 6758964.8566
-57643.6805 6758912.5388
-57743.5520 6758911.2072
-57843.4790 6758911.2233
-57923.1929 6758960.6518
-57939.1712 6759058.9251
-57922.7318 6759151.9762
-57879.6454 6759223.2311
-57877.2251 6759296.2231
-57943.4717 6759332.5477
-57882.9470 6759399.0893
-57818.8741 6759440.0748
-57862.5389 6759450.3565
