COAST
1
33 1
-58647.5633 6761869.3140
-58634.3539 6761774.7986
-58655.9079 6761677.6668
-58662.0774 6761579.7841
-58702.8959 6761488.7448
-58702.0771 6761392.3516
-58720.7447 6761294.1220
-58709.6664 6761200.6582
-58715.3363 6761101.0035
-58758.2961 6761036.6352
-58805.3291 6761123.3786
-58775.8758 6761033.2706
-58827.8973 6760994.5551
-58918.3928 6761019.4244
-59013.8018 6761040.4152
-59101.3632 6761074.2235
-59140.9278 6761163.8033
-59219.1311 6761198.4994
-59301.0240 6761233.1262
-59294.4116 6761326.3025
-59312.5681 6761420.9517
-59331.1091 6761503.5965
-59247.3504 6761556.7081
-59151.6743 6761550.3012
-59097.2502 6761471.8164
-59028.8970 6761472.0842
-59003.5906 6761558.5310
-58970.4458 6761649.1674
-58910.1778 6761725.4825
-58817.5851 6761760.4092
-58738.4607 6761820.8739
-58657.9404 6761862.8338
-58647.5633 6761869.3140
