COAST
1
20 1
-61288.5276 6788005.8819
-61364.7104 6787941.5460
-61459.6519 6787972.9484
-61554.5934 6788004.3508
-61649.5349 6788035.7532
-61744.4773 6788067.1530
-61839.4909 6788098.2647
-61920.9096 6788155.4136
-61967.2558 6788243.9828
-61997.0956 6788335.5885
-61922.7908 6788356.5633
-61846.8338 6788291.8132
-61758.6482 6788252.0635
-61659.0391 6788243.2301
-61559.4300 6788234.3967
-61459.8209 6788225.5633
-61361.2468 6788210.7196
-61298.1129 6788152.8092
-61287.1161 6788054.2488
-61288.5276 6788005.8819
