COAST
1
2233 1
-51385.5677 6749323.8457
-51286.3974 6749310.9912
-51187.2270 6749298.1367
-51087.9196 6749286.3874
-50989.3390 6749269.8192
-50899.1224 6749226.7332
-50818.6233 6749167.4326
-50746.9486 6749097.7500
-50665.4350 6749070.2839
-50585.7738 6749113.0443
-50490.9194 6749085.4134
-50404.4624 6749035.2802
-50324.3114 6748976.1097
-50256.6424 6748903.0714
-50202.5002 6748819.2287
-50158.1181 6748729.6987
-50127.3591 6748635.3690
-50118.3762 6748536.0538
-50119.2124 6748436.0573
-50114.0276 6748336.5092
-50091.2419 6748239.5938
-50061.8333 6748144.2408
-50046.1249 6748045.7433
-50039.2760 6747945.9782
-50024.5441 6747847.5737
-49990.7012 6747753.8830
-49961.5506 6747659.9259
-49973.6598 6747563.2949
-50020.5502 6747475.8389
-50081.4837 6747396.6196
-50141.3331 6747316.6705
-50194.2533 6747231.8817
-50244.3226 6747145.3191
-50265.4107 6747052.6107
-50251.7681 6746953.5930
-50221.5474 6746859.3456
-50176.4524 6746770.1007
-50142.3684 6746676.9873
-50153.8383 6746582.4384
-50203.4770 6746496.2540
-50260.9337 6746414.4082
-50258.7667 6746328.6272
-50233.9683 6746233.3685
-50233.3423 6746133.7292
-50239.2811 6746033.9057
-50253.5221 6745935.1383
-50308.3143 6745856.5715
-50380.9196 6745787.8076
-50452.7285 6745718.2171
-50531.3579 6745734.3194
-50613.4279 6745791.4554
-50611.3199 6745748.5030
-50571.2147 6745656.9102
-50552.1248 6745559.6967
-50571.7494 6745463.3402
-50602.2389 6745368.1017
-50605.2652 6745269.5398
-50568.7415 6745177.6639
-50536.6567 6745083.1446
-50552.1272 6744986.6310
-50610.3165 6744906.2278
-50645.5076 6744813.1735
-50652.7267 6744713.6233
-50653.8905 6744613.6362
-50627.5696 6744517.3601
-50587.6346 6744425.7260
-50547.0943 6744334.3122
-50505.7755 6744243.2478
-50482.1856 6744146.1584
-50462.4846 6744048.1206
-50435.1433 6743951.9471
-50399.5313 6743858.5210
-50311.0983 6743812.5545
-50221.9646 6743767.2204
-50145.7092 6743702.7098
-50090.9783 6743619.0228
-50042.4374 6743531.6015
-50000.5510 6743440.7966
-49958.5343 6743350.0570
-49910.7628 6743262.2115
-49857.5016 6743177.5774
-49807.5720 6743090.9726
-49772.4472 6742997.3707
-49748.7410 6742900.2212
-49725.2517 6742803.0264
-49708.4692 6742704.4687
-49702.8889 6742604.6253
-49695.0394 6742504.9404
-49681.5421 6742405.8555
-49666.8793 6742307.1210
-49623.3984 6742217.0696
-49579.5344 6742127.2956
-49550.6004 6742031.5796
-49525.7736 6741934.7104
-49501.3921 6741837.7436
-49483.5580 6741739.3488
-49468.0424 6741640.5597
-49453.7330 6741541.6932
-49458.0490 6741441.9537
-49484.1823 6741345.5210
-49525.1921 6741254.3875
-49569.3293 6741168.8189
-49516.6199 6741084.4550
-49448.2495 6741011.4791
-49376.9405 6740966.9174
-49297.1864 6741027.0292
-49222.3151 6741093.3173
-49172.8303 6741170.4409
-49176.6067 6741270.3459
-49177.1630 6741370.3443
-49178.2672 6741470.3349
-49186.8690 6741569.5241
-49208.9299 6741667.0598
-49228.1370 6741765.1339
-49243.7198 6741863.8866
-49273.8618 6741957.6151
-49330.1032 6742040.1698
-49397.0808 6742113.7372
-49452.6405 6742190.7993
-49448.5837 6742285.8645
-49385.0822 6742355.4261
-49326.7767 6742427.3745
-49344.8539 6742523.2623
-49372.6809 6742619.3126
-49424.5458 6742570.0840
-49460.3087 6742476.7001
-49520.4868 6742407.2098
-49576.8124 6742464.6315
-49618.8490 6742555.3609
-49650.4050 6742650.0478
-49663.9230 6742748.7609
-49672.6202 6742848.3820
-49683.5031 6742947.7800
-49696.9037 6743046.8727
-49704.1145 6743146.5368
-49709.1242 6743246.4113
-49714.1289 6743346.2860
-49716.3257 6743446.2490
-49711.5804 6743546.0776
-49704.2931 6743645.8112
-49696.8130 6743745.5310
-49685.3563 6743844.8467
-49659.3137 6743941.0904
-49613.8885 6744029.7016
-49555.3283 6744110.5690
-49494.2284 6744189.7321
-49481.4506 6744279.8451
-49569.5061 6744327.2395
-49656.0951 6744376.6383
-49720.1377 6744450.3801
-49722.2047 6744544.2407
-49644.6418 6744579.5299
-49555.1244 6744537.5750
-49470.4976 6744484.5180
-49383.1001 6744435.9208
-49300.1144 6744380.7877
-49228.1163 6744311.9702
-49172.9545 6744229.5803
-49145.1187 6744135.1120
-49143.3310 6744035.5010
-49151.4053 6743935.8304
-49159.3203 6743836.1494
-49166.0510 6743736.3762
-49170.1618 6743636.4958
-49171.2000 6743536.5016
-49171.9288 6743436.5042
-49165.3398 6743337.0235
-49150.0971 6743238.1933
-49134.3263 6743139.4447
-49118.4779 6743040.7086
-49102.5427 6742941.9864
-49086.5975 6742843.2658
-49051.3304 6742752.3060
-48994.5488 6742669.9905
-48937.7672 6742587.6749
-48880.9858 6742505.3592
-48824.2046 6742423.0434
-48766.7802 6742341.1792
-48701.9414 6742265.6215
-48629.6871 6742196.4889
-48557.9967 6742126.7769
-48492.7983 6742051.3888
-48435.8451 6741969.2235
-48399.7987 6741878.3298
-48395.7888 6741779.1542
-48404.2009 6741679.5087
-48403.8935 6741579.9065
-48338.6002 6741535.4317
-48238.9486 6741527.3850
-48139.1499 6741521.0446
-48054.0953 6741478.2997
-48041.9053 6741390.8116
-48060.2817 6741292.5145
-48079.4142 6741194.3633
-48105.2792 6741097.8728
-48148.3118 6741008.2301
-48229.1867 6740957.7598
-48322.0152 6740920.5815
-48411.3893 6740875.9857
-48441.8392 6740934.3004
-48439.9895 6741034.2144
-48437.1955 6741134.1752
-48434.5346 6741234.1398
-48433.1258 6741334.1287
-48464.1082 6741247.6157
-48496.4895 6741153.0035
-48509.9783 6741053.9999
-48521.1393 6740954.6250
-48556.5246 6740861.1617
-48602.3244 6740772.2738
-48649.7190 6740684.2185
-48726.6081 6740620.4320
-48811.8326 6740568.1608
-48887.1201 6740502.3507
-48958.1989 6740432.0101
-49028.8220 6740361.3192
-49078.8434 6740274.7570
-49139.3800 6740195.1672
-49202.4177 6740117.8407
-49229.7729 6740022.4616
-49221.9290 6739922.7697
-49214.1765 6739823.0707
-49205.5472 6739723.4755
-49189.0275 6739624.8730
-49166.5591 6739527.4298
-49140.5158 6739431.5008
-49084.5557 6739348.7781
-49017.2014 6739275.0143
-48951.8443 6739257.2832
-48910.0097 6739348.1120
-48866.6125 6739438.1661
-48808.0247 6739515.6400
-48721.2426 6739524.7478
-48639.0169 6739469.3497
-48564.2665 6739402.9240
-48487.9282 6739338.3784
-48442.4693 6739257.8087
-48441.6090 6739158.3545
-48453.3806 6739059.0797
-48467.6530 6738960.1035
-48491.4485 6738863.4330
-48522.6822 6738768.4478
-48552.3958 6738672.9644
-48518.5844 6738608.5650
-48419.7210 6738604.7179
-48320.9077 6738591.2900
-48251.6087 6738523.0626
-48228.7509 6738426.4614
-48208.7047 6738328.4913
-48136.0560 6738262.6849
-48040.4646 6738233.5308
-47949.5022 6738192.0976
-47863.4994 6738141.1185
-47782.8189 6738082.4677
-47718.9350 6738005.6144
-47663.6721 6737922.2717
-47611.1071 6737856.2245
-47586.0089 6737952.9529
-47564.9641 6738050.6556
-47516.3922 6738115.1033
-47423.8764 6738086.1874
-47341.8151 6738029.0495
-47271.8009 6737960.0954
-47222.6733 6737873.2247
-47179.1027 6737783.2191
-47134.7614 6737693.5874
-47083.8790 6737607.9256
-47022.3747 6737529.1520
-46963.3542 6737448.7724
-46926.1470 6737357.6748
-46911.2872 6737258.8870
-46901.1596 6737159.4012
-46874.0682 6737065.0075
-46855.6508 6736971.3274
-46853.4994 6736872.3922
-46834.0330 6736774.3492
-46811.5574 6736676.9079
-46777.6239 6736583.5709
-46791.8287 6736500.1065
-46853.6413 6736421.4986
-46907.5849 6736337.7226
-46874.3618 6736262.3786
-46805.6468 6736189.8017
-46741.0503 6736113.4985
-46678.9439 6736035.1310
-46629.7133 6735948.6609
-46590.6264 6735856.6716
-46552.0914 6735764.4006
-46516.1914 6735671.0979
-46498.8337 6735573.3166
-46537.7098 6735487.2191
-46624.0635 6735440.4293
-46667.9810 6735355.2473
-46683.8242 6735256.6115
-46701.0831 6735158.1136
-46718.4643 6735059.6357
-46693.8669 6734963.1729
-46672.8894 6734865.4043
-46671.6504 6734765.4778
-46673.5231 6734665.4963
-46660.7201 6734566.3540
-46614.3494 6734477.7819
-46567.8489 6734389.2510
-46526.2062 6734298.3348
-46491.5970 6734204.5153
-46457.0007 6734110.6904
-46411.7377 6734021.5255
-46377.9531 6733927.4419
-46361.0136 6733828.8872
-46345.2594 6733730.1360
-46328.3689 6733631.9253
-46261.3654 6733557.7197
-46187.8873 6733496.2189
-46113.2257 6733562.4481
-46050.2548 6733639.8774
-45998.9548 6733725.6895
-45932.5971 6733780.5456
-45847.5409 6733745.0990
-45795.0114 6733661.7040
-45757.9844 6733568.8116
-45696.9709 6733497.6239
-45603.6683 6733463.6045
-45505.1166 6733449.1016
-45437.0541 6733502.7970
-45373.0668 6733578.7097
-45294.5838 6733538.5147
-45220.5396 6733471.4121
-45165.4248 6733388.5134
-45121.2480 6733298.8760
-45078.3976 6733208.5220
-45004.6125 6733144.7761
-44910.4412 6733117.9985
-44831.7977 6733056.2313
-44751.5764 6732996.7571
-44665.2656 6732946.2927
-44580.2251 6732894.6239
-44512.0778 6732822.8879
-44466.0675 6732734.1482
-44424.6372 6732643.1343
-44377.9111 6732555.4155
-44316.7665 6732476.4279
-44263.0962 6732392.0691
-44208.5625 6732308.5600
-44143.1465 6732232.9424
-44094.1762 6732150.1435
-44079.7022 6732051.2231
-44071.0580 6731951.6679
-44072.9310 6731851.9521
-44085.5920 6731752.7694
-44100.1776 6731653.8390
-44112.3937 6731554.6280
-44120.9362 6731454.9935
-44124.9079 6731355.2528
-44114.9243 6731256.0638
-44095.3402 6731158.0019
-44076.5442 6731059.7843
-44057.5544 6730961.6048
-44038.0373 6730863.5279
-44033.2866 6730765.4576
-44060.6915 6730669.7177
-44093.0900 6730575.2730
-44119.7350 6730478.8881
-44128.9698 6730381.1812
-44108.5980 6730283.6920
-44079.2366 6730188.0996
-44050.5216 6730092.3133
-44024.8011 6729995.7095
-44001.5364 6729898.4534
-43971.5529 6729803.3278
-43906.4917 6729735.8732
-43813.9903 6729698.9280
-43752.3238 6729750.0773
-43686.3794 6729823.1740
-43608.6583 6729773.2195
-43559.2229 6729686.9182
-43516.1857 6729596.6624
-43473.4731 6729506.2432
-43435.7159 6729413.6576
-43424.0602 6729314.5960
-43445.7390 6729217.2277
-43478.3759 6729122.7287
-43550.6101 6729055.7527
-43645.4510 6729075.4463
-43705.7207 6729154.4502
-43741.8551 6729247.6799
-43777.1960 6729340.9718
-43830.7401 6729424.6906
-43860.2020 6729383.2831
-43864.6542 6729283.3879
-43864.4768 6729183.4276
-43862.2452 6729083.4525
-43833.9281 6728989.5601
-43775.4463 6728909.3077
-43718.2895 6728827.4422
-43665.6752 6728742.4126
-43615.7394 6728655.7844
-43568.6485 6728567.5782
-43522.6591 6728478.7811
-43476.7908 6728389.9211
-43431.2186 6728300.9091
-43398.7013 6728206.7171
-43380.6602 6728108.5336
-43367.1665 6728009.4507
-43358.1050 6727909.8905
-43359.0659 6727810.0232
-43366.5451 6727710.3249
-43376.9586 6727610.8737
-43397.6084 6727513.1958
-43435.4020 6727421.0020
-43482.6227 6727332.9072
-43531.4052 6727245.6130
-43574.9675 6727155.6619
-43614.6295 6727063.8739
-43653.5804 6726971.7716
-43691.6682 6726879.3106
-43729.1238 6726786.5904
-43761.4584 6726692.0106
-43790.1262 6726596.2156
-43818.1360 6726500.2185
-43846.5106 6726404.3288
-43874.6660 6726308.3744
-43902.6205 6726212.3612
-43930.5452 6726116.3393
-43941.1600 6726017.4019
-43951.4877 6725917.9801
-43965.2302 6725818.9339
-43979.5219 6725719.9604
-43978.2790 6725620.3417
-43971.3702 6725520.5818
-43983.7835 6725421.9440
-44006.1169 6725324.4950
-44031.4070 6725227.7509
-44057.4350 6725131.1977
-44083.5259 6725034.6614
-44076.6341 6724936.5266
-44056.7176 6724838.5459
-44020.3517 6724745.7943
-43979.2274 6724654.6421
-43938.8710 6724563.1483
-43900.6180 6724470.7601
-43873.8189 6724374.6079
-43867.7246 6724275.2237
-43882.3448 6724176.6386
-43906.1765 6724079.5556
-43929.3990 6723982.2946
-43952.1199 6723884.9100
-43961.5929 6723785.5949
-43935.1873 6723690.3035
-43917.4034 6723592.1606
-43935.3965 6723494.7159
-43964.1993 6723398.9801
-43999.6008 6723305.4891
-44050.5078 6723219.6655
-44112.1638 6723141.0427
-44179.9034 6723067.5233
-44248.3896 6722994.6560
-44315.2418 6722920.2920
-44378.7108 6722843.0323
-44441.6905 6722765.3564
-44520.6277 6722704.6607
-44618.4993 6722712.0471
-44700.7153 6722768.6608
-44776.4198 6722833.9878
-44852.0506 6722899.4094
-44931.8325 6722959.6948
-45016.3282 6723013.1726
-45100.8658 6723066.5898
-45173.0710 6723135.7037
-45228.5976 6723218.8709
-45284.6240 6723300.5416
-45300.9467 6723216.2990
-45294.6791 6723116.4973
-45288.9944 6723016.6591
-45293.7269 6722916.9332
-45325.8391 6722823.2022
-45401.9827 6722763.5005
-45497.8363 6722774.5728
-45589.8868 6722813.2075
-45681.3320 6722853.6769
-45780.3528 6722852.7444
-45876.1129 6722879.8078
-45969.5844 6722915.3116
-46045.8899 6722979.3083
-46100.2385 6723062.9581
-46150.8564 6723149.1982
-46200.8526 6723235.8028
-46239.0363 6723328.1680
-46276.4876 6723420.8902
-46313.8744 6723513.6384
-46349.5990 6723607.0383
-46378.5870 6723702.7287
-46397.6918 6723800.8569
-46409.1695 6723900.1803
-46420.2134 6723999.5686
-46430.9318 6724098.9925
-46436.9657 6724198.8036
-46438.4191 6724298.7873
-46427.7850 6724398.1774
-46416.0840 6724497.4905
-46400.0385 6724596.1889
-46383.0213 6724694.7302
-46365.9610 6724793.2642
-46351.4298 6724892.2008
-46369.0725 6724990.3426
-46388.4915 6725088.4390
-46416.9061 6725004.0660
-46437.2107 6724906.1544
-46457.4728 6724808.2306
-46462.2358 6724708.9818
-46458.6185 6724609.0473
-46455.5183 6724509.0961
-46462.7821 6724409.6440
-46487.4972 6724313.1689
-46520.8685 6724218.9160
-46573.2552 6724135.0875
-46620.0258 6724047.6729
-46659.1040 6723955.6258
-46737.7535 6723917.0848
-46820.1768 6723963.8991
-46894.2179 6724031.0543
-46962.4836 6724104.0415
-47026.1093 6724181.1549
-47078.9718 6724265.8075
-47124.0728 6724355.0092
-47167.7865 6724444.9486
-47220.9199 6724529.4725
-47293.3713 6724597.4956
-47348.2641 6724629.7744
-47296.8522 6724544.2852
-47260.9970 6724451.1460
-47240.4804 6724353.4903
-47253.8702 6724268.0987
-47344.4315 6724287.4823
-47427.3481 6724343.0112
-47503.3515 6724407.8037
-47576.8851 6724475.5740
-47606.8174 6724442.0466
-47546.4299 6724366.4796
-47465.6872 6724309.4892
-47400.4259 6724233.8056
-47342.6374 6724152.4202
-47294.6829 6724064.7735
-47252.0992 6723974.2935
-47208.2076 6723884.4645
-47158.5107 6723797.8455
-47100.9168 6723716.1414
-47040.2227 6723636.6667
-46979.1357 6723557.4967
-46916.9004 6723479.2259
-46861.9433 6723396.7226
-46831.1230 6723302.2645
-46818.0307 6723203.2340
-46814.3101 6723103.3973
-46818.4188 6723003.5228
-46803.5689 6722909.3684
-46730.5910 6722846.4528
-46641.3640 6722801.3025
-46547.0302 6722771.4683
-46448.1819 6722756.4977
-46349.2181 6722742.1856
-46252.0544 6722719.5007
-46157.5742 6722686.9600
-46069.8554 6722640.1972
-45997.2590 6722572.8779
-45957.1545 6722484.1481
-45944.3208 6722385.3480
-45938.5240 6722285.5161
-45920.8715 6722187.5896
-45861.3947 6722112.6004
-45784.2842 6722048.9296
-45708.9693 6721983.1746
-45674.3681 6721895.1764
-45669.8889 6721795.4636
-45639.9438 6721827.4811
-45614.3408 6721924.1453
-45589.5769 6722021.0305
-45538.6358 6722097.5120
-45452.7978 6722098.7405
-45387.1448 6722027.6935
-45343.4127 6721937.7848
-45302.6778 6721846.4664
-45268.4797 6721752.6885
-45241.9672 6721656.2841
-45217.3236 6721559.3682
-45192.7649 6721462.4308
-45168.9389 6721365.3132
-45145.7682 6721268.0347
-45121.9911 6721170.9043
-45097.5843 6721073.9285
-45072.9295 6720977.0157
-45048.0298 6720880.1653
-45021.0243 6720783.9091
-44982.7347 6720692.0947
-44939.1638 6720602.2511
-44910.2302 6720507.0867
-44891.6500 6720408.8279
-44870.6151 6720311.1007
-44835.9730 6720218.0709
-44789.6268 6720129.4593
-44743.0372 6720040.9756
-44696.2510 6719952.5955
-44649.5363 6719864.1775
-44603.4932 6719775.4108
-44561.3226 6719684.8117
-44524.8757 6719591.7247
-44491.7595 6719497.3723
-44459.5938 6719402.6867
-44426.7447 6719308.2389
-44392.7521 6719214.1949
-44362.5877 6719118.9640
-44336.9379 6719022.3095
-44312.8465 6718925.2689
-44295.5388 6718826.9232
-44285.8604 6718727.4192
-44278.5233 6718627.6887
-44270.3132 6718528.0304
-44258.9149 6718428.7097
-44245.1365 6718329.6635
-44223.9031 6718232.2565
-44180.7581 6718143.3437
-44124.4291 6718060.7183
-44074.1677 6717974.5196
-44045.0853 6717880.1158
-44042.7623 6717780.8505
-44068.7753 6717685.7061
-44123.4596 6717603.2387
-44170.0807 6717516.8132
-44143.2246 6717427.5418
-44096.7122 6717339.0316
-44052.0077 6717249.5827
-44011.1667 6717158.3333
-43974.8056 6717065.2015
-43939.6191 6716971.5964
-43873.2216 6716992.1128
-43832.1248 6716916.0863
-43797.5114 6716822.2707
-43772.8814 6716725.4169
-43751.8005 6716627.6678
-43731.3726 6716529.7766
-43718.0171 6716430.7038
-43705.5217 6716331.4876
-43701.3283 6716231.6180
-43766.3873 6716158.5389
-43863.4427 6716141.9592
-43935.6747 6716211.0527
-43994.6948 6716291.5602
-44075.4552 6716347.9419
-44062.5925 6716271.3843
-44039.8519 6716174.6904
-44041.6795 6716075.1160
-44048.0033 6715975.3162
-44043.4241 6715875.5600
-44014.2484 6715780.4557
-43980.5607 6715686.3008
-43944.8550 6715592.8977
-43908.6437 6715499.6843
-43890.3763 6715401.7204
-43906.1481 6715303.7982
-43942.1186 6715210.7031
-43927.1386 6715114.2150
-43882.7642 6715024.7889
-43836.9551 6714935.8983
-43767.4053 6714864.4652
-43694.2837 6714796.2538
-43628.5104 6714720.9685
-43582.3139 6714632.4426
-43566.8271 6714533.8866
-43593.7618 6714437.9311
-43687.5127 6714406.3962
-43726.1566 6714359.5141
-43668.3767 6714282.7198
-43704.4504 6714213.1215
-43785.9049 6714243.0701
-43837.9106 6714326.8860
-43880.1986 6714417.4848
-43920.7855 6714508.8767
-43961.1652 6714600.3616
-44003.6792 6714690.8671
-44032.2963 6714786.3926
-44046.6863 6714885.2187
-44053.0660 6714984.9798
-44071.3925 6715083.0918
-44102.4228 6715178.0463
-44131.6642 6715273.6595
-44148.7039 6715372.0618
-44163.5291 6715470.9568
-44204.5466 6715561.3507
-44271.8712 6715634.7301
-44339.3130 6715708.5559
-44405.7184 6715783.3235
-44471.2487 6715858.8593
-44536.6453 6715934.5117
-44607.8886 6716004.6303
-44685.0385 6716068.1978
-44754.7213 6716016.0635
-44760.6093 6715923.0574
-44715.2638 6715834.0766
-44681.8170 6715740.1596
-44658.1552 6715643.0211
-44631.5149 6715546.6349
-44594.8512 6715455.1006
-44517.7742 6715404.3030
-44419.1701 6715387.8038
-44329.4547 6715349.9716
-44259.3312 6715279.9963
-44208.0044 6715194.8184
-44169.3023 6715102.6850
-44137.5295 6715007.9399
-44127.1664 6714910.1776
-44181.4078 6714855.1882
-44243.8927 6714794.4629
-44261.7474 6714696.5117
-44281.5043 6714598.5118
-44302.7956 6714500.8050
-44297.8449 6714401.5283
-44280.2789 6714303.1196
-44293.2705 6714204.3503
-44323.4697 6714109.1034
-44358.9435 6714015.6141
-44394.7053 6713922.2274
-44391.6978 6713822.7960
-44363.7501 6713726.8020
-44337.8351 6713630.2185
-44311.9368 6713533.6303
-44339.7565 6713437.8972
-44391.3548 6713352.2377
-44444.4052 6713267.5213
-44507.2464 6713189.7333
-44570.5249 6713112.3022
-44637.0182 6713038.3500
-44728.1098 6712997.1405
-44822.1550 6712963.1479
-44911.0703 6712925.0373
-44877.4700 6712844.4481
-44816.5898 6712830.9601
-44909.3670 6712793.6454
-45001.6354 6712755.2132
-45090.5845 6712709.5217
-45178.8185 6712662.4608
-45265.6425 6712613.1456
-45346.6777 6712555.0569
-45437.7426 6712513.7536
-45529.9728 6712475.1089
-45623.5750 6712441.3629
-45723.0538 6712431.2081
-45819.0588 6712411.2612
-45896.5764 6712348.0866
-45975.6001 6712287.1477
-46064.6301 6712242.3585
-46161.1129 6712222.6904
-46250.4424 6712255.9584
-46306.9293 6712338.3700
-46363.3793 6712419.6910
-46446.5410 6712469.4416
-46543.2817 6712493.2701
-46633.1757 6712535.7765
-46716.4667 6712591.1173
-46801.1246 6712644.2241
-46884.9082 6712698.1949
-46954.6925 6712768.5066
-47005.0064 6712854.4049
-47041.6863 6712947.3469
-47073.5596 6713042.1313
-47124.0829 6713123.2722
-47212.5646 6713165.4595
-47260.3190 6713116.7674
-47270.7199 6713017.3325
-47279.3485 6712917.7054
-47279.4573 6712817.9609
-47222.1076 6712748.0992
-47147.8717 6712681.9903
-47130.6229 6712590.1596
-47163.7866 6712497.5165
-47191.0207 6712401.8171
-47213.1331 6712304.2928
-47233.2953 6712206.3543
-47223.6822 6712108.1410
-47205.0661 6712009.8890
-47139.7919 6711940.5644
-47082.7893 6711866.3372
-47134.4281 6711783.4356
-47218.2488 6711729.1416
-47309.2923 6711690.3203
-47408.5620 6711679.7992
-47508.5612 6711679.4169
-47591.5176 6711655.2732
-47636.9486 6711568.2521
-47711.5558 6711544.1663
-47736.8618 6711620.3456
-47690.2858 6711706.1379
-47627.2782 6711783.7913
-47615.7456 6711872.5841
-47695.1509 6711929.8459
-47783.5164 6711976.5980
-47874.1591 6711938.3520
-47967.3939 6711902.2215
-48067.0509 6711906.9091
-48164.2304 6711883.6743
-48261.3592 6711859.8834
-48358.3036 6711835.3526
-48418.3717 6711867.8760
-48364.3780 6711946.6848
-48277.6993 6711996.1412
-48187.0119 6712038.2813
-48117.8845 6712099.8307
-48109.8913 6712196.9878
-48129.8629 6712294.7038
-48177.3945 6712380.3816
-48228.4570 6712465.6178
-48271.5876 6712555.8383
-48303.6894 6712650.0443
-48316.7587 6712748.7556
-48322.5439 6712848.5881
-48341.1613 6712946.2898
-48376.7442 6713039.4667
-48417.4175 6713130.8213
-48444.6353 6713226.4364
-48454.8282 6713325.6840
-48460.8291 6713425.5020
-48467.4379 6713525.2833
-48476.5614 6713624.8499
-48487.0181 6713724.3017
-48499.1933 6713823.5495
-48510.0196 6713922.9470
-48493.8350 6714020.0391
-48482.5962 6714118.7638
-48528.8243 6714200.5240
-48585.2583 6714282.6424
-48609.1460 6714377.8647
-48601.5295 6714476.7585
-48577.8737 6714573.7828
-48561.2972 6714672.1755
-48548.8428 6714771.3969
-48542.9281 6714871.1354
-48575.7688 6714962.9674
-48621.2293 6715052.0365
-48666.6020 6715141.1506
-48733.4526 6715213.7420
-48828.1163 6715194.1533
-48924.4619 6715167.3667
-48990.9933 6715097.1248
-48999.6847 6714997.5033
-49006.5884 6714897.8896
-48995.8032 6714798.5349
-48975.0601 6714700.7099
-48955.1389 6714602.7436
-48943.4278 6714503.5161
-48943.8895 6714403.5291
-48948.7107 6714303.6454
-48952.2705 6714203.7719
-48955.0858 6714107.7168
-49033.4203 6714046.8553
-49123.1466 6714002.7064
-49208.8333 6713952.3947
-49226.8925 6713876.7377
-49178.4587 6713789.2496
-49138.1289 6713698.2368
-49118.2958 6713600.9211
-49110.2270 6713501.2472
-49096.8601 6713402.2971
-49093.9533 6713303.6912
-49113.5731 6713205.7893
-49128.8132 6713107.3446
-49080.4214 6713036.3154
-48995.1018 6712984.1570
-48911.5392 6712929.2836
-48837.3714 6712863.0147
-48803.4158 6712773.8239
-48807.5536 6712674.7603
-48821.5654 6712575.7468
-48810.6201 6712478.1751
-48775.3082 6712384.8744
-48745.3193 6712289.6977
-48727.4951 6712191.4458
-48762.2522 6712103.2453
-48843.5701 6712049.5332
-48930.8683 6712000.8266
-49016.7637 6711949.6273
-49009.7403 6711882.1646
-48935.9088 6711826.2565
-48931.6633 6711730.5383
-48952.5670 6711632.7475
-48973.2619 6711534.9125
-48995.5994 6711437.4529
-49034.9122 6711346.6831
-49086.0696 6711260.7591
-49136.7403 6711174.5487
-49197.0663 6711095.5393
-49271.4539 6711029.2035
-49355.4194 6710975.4236
-49448.0147 6710939.3856
-49545.7392 6710918.9894
-49644.6676 6710904.4171
-49744.1828 6710895.4666
-49841.5953 6710910.2919
-49934.6357 6710946.4240
-50025.7839 6710987.5566
-50100.1470 6711050.7498
-50122.2397 6711141.9669
-50079.1837 6711226.7578
-50001.5346 6711288.0339
-49914.9260 6711337.9413
-49835.3292 6711397.6310
-49902.6543 6711452.4535
-50001.3770 6711454.0756
-50101.3356 6711451.1978
-50201.2327 6711446.6897
-50300.5186 6711434.9437
-50399.7524 6711422.5883
-50492.1316 6711385.0695
-50579.6078 6711336.6748
-50667.7242 6711289.3962
-50755.8967 6711242.2197
-50800.5918 6711155.6395
-50894.2932 6711150.9901
-50975.9393 6711208.0061
-51050.8058 6711274.2200
-51127.0356 6711338.8148
-51176.6843 6711420.0368
-51190.7270 6711518.9594
-51237.6606 6711575.9949
-51304.4869 6711509.2695
-51287.9400 6711410.9066
-51319.1849 6711317.5614
-51407.2229 6711271.9633
-51506.6492 6711261.5659
-51606.5810 6711259.0801
-51706.4168 6711264.6201
-51805.1477 6711277.4658
-51885.2216 6711324.9948
-51883.6968 6711421.8928
-51843.3388 6711513.3488
-51799.3468 6711603.1525
-51760.1033 6711694.8096
-51733.1322 6711791.0757
-51709.5122 6711888.2461
-51685.9079 6711985.4204
-51662.6292 6712082.6719
-51640.1525 6712180.1131
-51617.8477 6712277.5938
-51587.6118 6712372.0702
-51534.4487 6712456.2447
-51469.3248 6712532.1237
-51401.0025 6712605.0359
-51322.3166 6712664.7197
-51230.3080 6712703.7483
-51136.5027 6712738.3975
-51051.9970 6712786.5623
-51003.1862 6712871.1335
-50967.6160 6712964.1459
-50945.6882 6713058.2268
-50982.8840 6713148.3904
-50971.5851 6713242.6628
-50929.0303 6713332.8309
-50883.3318 6713421.7784
-50837.6489 6713510.7339
-50902.9058 6713486.0201
-50989.0489 6713435.2397
-51058.4218 6713476.3187
-51070.1503 6713575.4609
-51065.8541 6713674.7443
-51040.9114 6713771.2877
-51004.0448 6713864.1921
-50961.2507 6713954.5199
-50913.9013 6714042.5906
-50865.0689 6714129.8568
-50820.2685 6714219.0594
-50778.9844 6714309.9765
-50725.5145 6714394.0086
-50661.0116 6714470.3913
-50594.2787 6714544.8676
-50541.7381 6714627.2657
-50518.5247 6714724.3184
-50503.0591 6714823.1152
-50458.6645 6714901.4902
-50388.5040 6714879.0230
-50339.6004 6714792.0139
-50295.6860 6714702.1723
-50284.5247 6714713.0695
-50309.8053 6714809.8169
-50312.6071 6714909.7447
-50311.5338 6715009.7382
-50270.4120 6715098.5247
-50175.1237 6715128.8087
-50091.5775 6715172.2672
-50087.2786 6715272.1747
-50081.9267 6715371.9993
-50065.7784 6715470.1950
-50025.0863 6715561.4962
-50001.8296 6715654.7148
-50057.9819 6715736.5599
-50130.7464 6715805.1552
-50210.0561 6715859.8396
-50309.4241 6715865.7214
-50409.1650 6715858.8308
-50509.0923 6715855.0206
-50597.4038 6715828.0833
-50646.9003 6715742.4853
-50716.1417 6715689.2607
-50809.4363 6715710.6021
-50889.0864 6715769.4688
-50974.2646 6715819.9514
-51067.6842 6715855.2695
-51164.5379 6715879.5363
-51193.1120 6715803.1217
-51205.4014 6715703.8797
-51212.8896 6715604.1879
-51208.1918 6715504.4385
-51200.9623 6715404.7002
-51212.2413 6715305.7345
-51211.2106 6715206.0246
-51206.7529 6715106.1240
-51156.9736 6715022.1968
-51224.3526 6714965.0303
-51302.9833 6714912.4767
-51254.8138 6714841.6490
-51186.1945 6714769.1927
-51120.0734 6714694.1727
-51068.7711 6714608.9209
-51122.7262 6714549.9096
-51221.2360 6714566.6014
-51317.3531 6714594.1965
-51412.9192 6714623.3179
-51498.6946 6714669.6990
-51545.0166 6714758.3233
-51594.3653 6714844.7501
-51672.0446 6714893.9952
-51771.2559 6714881.4610
-51864.3136 6714855.0299
-51937.0902 6714786.7901
-52007.4431 6714716.5836
-52091.2125 6714662.3112
-52183.1171 6714626.7465
-52279.0123 6714634.0021
-52368.1598 6714679.3083
-52457.2423 6714724.7418
-52546.6146 6714769.6026
-52633.6591 6714818.3676
-52700.1469 6714888.4725
-52724.7342 6714982.8267
-52710.1274 6715080.7354
-52678.1087 6715175.4510
-52649.2585 6715271.0016
-52600.6049 6715350.8917
-52508.1971 6715380.0952
-52408.5732 6715388.5546
-52308.6894 6715389.6187
-52208.8612 6715384.1838
-52109.3110 6715374.8654
-52009.9789 6715363.3475
-51910.9775 6715349.3378
-51812.7849 6715356.3256
-51718.3178 6715388.0483
-51625.6563 6715425.6494
-51614.7847 6715499.9340
-51661.6965 6715587.9572
-51711.7638 6715674.5208
-51796.3625 6715721.2949
-51891.4242 6715752.1812
-51986.9466 6715781.7694
-52082.7936 6715810.2847
-52178.7116 6715838.5644
-52273.1402 6715871.4081
-52348.4238 6715935.3238
-52300.8261 6716008.6980
-52228.4934 6716077.7184
-52206.6838 6716172.8481
-52235.0918 6716268.3427
-52230.8068 6716367.6813
-52191.1203 6716458.9198
-52133.3128 6716537.7034
-52134.1108 6716637.4722
-52150.8423 6716735.9998
-52190.5018 6716819.4966
-52284.5534 6716852.4080
-52383.1784 6716863.3958
-52482.2506 6716850.3662
-52580.7757 6716835.0132
-52679.5938 6716841.1713
-52774.3112 6716872.9068
-52865.0116 6716914.6795
-52934.7699 6716977.5163
-52956.4132 6717074.9742
-52979.8825 6717171.8117
-52957.9505 6717260.2116
-52911.0984 6717348.3971
-52885.2770 6717444.2652
-52832.3683 6717525.5045
-52741.8406 6717520.9148
-52645.4110 6717494.4390
-52551.0905 6717461.3903
-52457.3024 6717426.6946
-52371.7274 6717401.8979
-52449.1016 6717465.1625
-52534.4376 6717517.2843
-52621.8553 6717565.8450
-52709.3381 6717614.2855
-52797.5623 6717661.3132
-52880.4079 6717717.0216
-52946.6675 6717791.3454
-52980.4719 6717884.6894
-52973.4549 6717984.4099
-52959.8079 6718083.4073
-52958.9584 6718183.2717
-52991.1300 6718207.8016
-53055.5330 6718132.1738
-53141.6106 6718099.0899
-53229.5826 6718136.4732
-53298.1904 6718208.2106
-53338.7729 6718297.4198
-53355.2773 6718395.8010
-53426.1430 6718437.9938
-53488.2160 6718506.8522
-53510.3510 6718602.9351
-53449.4801 6718674.4852
-53380.3614 6718746.6660
-53468.8283 6718784.9403
-53561.6075 6718822.2499
-53651.8151 6718865.3948
-53675.0530 6718950.9926
-53598.3353 6719013.2848
-53544.5575 6719097.5934
-53504.3237 6719184.5359
-53516.3775 6719282.9780
-53497.2771 6719380.6055
-53465.8067 6719474.1048
-53486.1145 6719568.1995
-53499.0194 6719650.0497
-53416.3065 6719683.1268
-53320.7816 6719659.1622
-53229.4411 6719618.5471
-53138.9523 6719575.9822
-53087.1627 6719619.0894
-53174.8167 6719666.2765
-53263.1328 6719713.1836
-53334.4272 6719774.6804
-53275.9811 6719850.3940
-53192.6129 6719897.7021
-53197.3329 6719979.8871
-53247.4180 6720064.9538
-53252.2825 6720159.9140
-53252.9649 6720256.5815
-53297.6320 6720343.6508
-53349.2006 6720428.6896
-53322.1658 6720513.0439
-53230.3939 6720535.1763
-53131.6693 6720521.8556
-53033.4867 6720502.8975
-52938.0066 6720473.4641
-52843.9300 6720439.5793
-52750.0059 6720405.2534
-52653.5381 6720379.1272
-52556.1073 6720356.6252
-52458.4244 6720335.2249
-52544.7807 6720370.6187
-52637.5378 6720407.9835
-52730.4723 6720444.9046
-52824.9819 6720477.5730
-52917.3240 6720515.9343
-53009.7936 6720554.0049
-53102.2702 6720592.0585
-53197.1094 6720623.7435
-53288.7888 6720660.6837
-53266.2692 6720734.7121
-53168.1345 6720746.0434
-53068.4526 6720738.0732
-52968.6718 6720731.8090
-52868.9006 6720725.7658
-52769.7388 6720713.2828
-52671.1211 6720696.7133
-52641.0641 6720712.9086
-52729.9162 6720758.7922
-52818.7639 6720804.6842
-52906.6103 6720852.4223
-52977.0305 6720923.3916
-53035.7065 6721004.2031
-53060.6030 6721100.7605
-53048.8702 6721200.0497
-53028.5724 6721297.9663
-53011.4779 6721392.9690
-53099.9071 6721437.9439
-53196.7985 6721462.6839
-53287.9259 6721464.6019
-53357.2356 6721392.9673
-53410.2285 6721309.1509
-53426.2591 6721213.7428
-53425.9742 6721115.0022
-53474.1485 6721036.7964
-53560.3282 6721048.6663
-53636.9763 6721111.6711
-53710.5027 6721179.4144
-53787.5107 6721243.1543
-53865.7117 6721305.4809
-53955.7746 6721345.0708
-54052.4644 6721370.5041
-54149.4486 6721394.8772
-54233.3510 6721358.5009
-54274.4217 6721268.2291
-54312.6898 6721175.8410
-54295.8008 6721078.4533
-54336.5786 6721000.4706
-54402.2472 6721072.7596
-54495.3649 6721109.1052
-54591.4352 6721133.8495
-54691.3697 6721136.4331
-54780.3507 6721162.5879
-54782.6196 6721243.8389
-54699.0930 6721290.4945
-54603.9386 6721321.2438
-54509.4865 6721354.0613
-54460.4448 6721430.5736
-54431.7063 6721526.3551
-54441.1874 6721622.5454
-54525.6347 6721671.2000
-54616.8081 6721712.2635
-54698.2365 6721769.5263
-54664.2006 6721843.2660
-54568.5576 6721823.5811
-54480.8601 6721775.5275
-54391.7844 6721730.2807
-54307.2395 6721728.7194
-54237.7851 6721800.5943
-54171.1977 6721875.2006
-54160.4365 6721946.1015
-54235.8424 6722011.7771
-54308.3813 6722080.5065
-54371.0319 6722157.7841
-54411.2639 6722247.8252
-54429.4922 6722346.0302
-54424.3419 6722443.6879
-54407.4317 6722541.1606
-54407.0738 6722641.1600
-54397.4028 6722740.1091
-54366.6415 6722834.7096
-54325.2564 6722925.7441
-54321.5095 6723016.7565
-54359.6637 6723109.1210
-54365.2788 6723204.6119
-54338.5119 6723300.9045
-54303.9210 6723394.6073
-54250.1673 6723477.2677
-54165.7026 6723520.0590
-54066.4341 6723522.2182
-53966.5336 6723520.7876
-53979.6080 6723555.9989
-54067.0077 6723602.3232
-54141.7658 6723668.4635
-54211.5433 6723740.0952
-54284.7771 6723807.8958
-54358.4895 6723874.9545
-54416.4403 6723955.4436
-54442.5797 6724049.1030
-54441.5584 6724149.0973
-54443.1892 6724249.0270
-54462.2865 6724345.9693
-54494.8991 6724440.4347
-54496.9943 6724536.0728
-54427.6430 6724590.2229
-54329.9312 6724586.9921
-54233.3498 6724561.5838
-54138.4972 6724529.9752
-54044.5740 6724495.6626
-53950.9026 6724460.6530
-53854.9949 6724432.8607
-53756.6465 6724415.4031
-53657.6516 6724401.2605
-53680.0422 6724433.6723
-53764.4753 6724487.2394
-53846.8400 6724543.9066
-53926.5160 6724604.3105
-54005.5591 6724665.5655
-54084.4365 6724727.0337
-54152.2660 6724800.0702
-54151.1300 6724895.4838
-54137.5409 6724994.5562
-54144.6415 6725093.8990
-54159.2652 6725192.8117
-54174.5447 6725291.6375
-54261.5682 6725305.6406
-54361.5622 6725306.5932
-54431.3788 6725375.4793
-54473.5794 6725466.1058
-54521.5968 6725553.8232
-54572.0492 6725639.7918
-54633.9119 6725716.4801
-54641.2459 6725810.5099
-54570.1325 6725865.2704
-54473.0719 6725847.0726
-54378.7788 6725814.0994
-54321.3844 6725850.2414
-54301.4780 6725948.2401
-54285.9655 6726046.9325
-54281.6043 6726146.6115
-54283.7670 6726246.5881
-54317.8227 6726334.5744
-54405.0728 6726376.4945
-54486.3886 6726432.1235
-54563.0327 6726496.3550
-54643.1919 6726556.0520
-54717.9599 6726622.2093
-54673.8631 6726690.8366
-54577.2226 6726668.1400
-54488.3925 6726622.2140
-54398.4355 6726591.5596
-54303.7297 6726605.1643
-54215.9266 6726560.9932
-54154.3728 6726485.6308
-54096.0435 6726410.4615
-54009.8183 6726359.8346
-53922.3310 6726311.4096
-53841.1717 6726316.1693
-53761.5316 6726375.2334
-53670.6105 6726416.1101
-53576.1799 6726449.0167
-53480.1827 6726457.8559
-53384.7210 6726429.3574
-53291.8056 6726392.3883
-53243.4312 6726393.5470
-53315.7462 6726462.3181
-53379.8950 6726539.0104
-53419.0623 6726623.0639
-53389.8358 6726717.9846
-53399.3301 6726801.0823
-53484.5458 6726849.0939
-53578.0262 6726884.6001
-53667.2218 6726929.2622
-53711.5673 6727012.5874
-53702.0003 6727110.2573
-53762.4108 6727083.0248
-53842.7818 6727025.4402
-53937.2564 6727000.6703
-54026.1981 6727030.0384
-54065.7249 6727113.0864
-54066.8937 6727213.0106
-54065.2591 6727312.9961
-54075.6797 6727411.8968
-54054.9354 6727502.7603
-53969.8627 6727537.1516
-53870.0840 6727541.7317
-53771.5176 6727527.7902
-53675.0109 6727501.8744
-53579.1418 6727473.4301
-53483.3031 6727444.8830
-53386.9237 6727418.2445
-53290.3389 6727392.3338
-53193.7055 6727366.6049
-53095.3432 6727349.3272
-52997.0134 6727331.2735
-52901.1408 6727303.3342
-52813.1080 6727256.9857
-52740.9702 6727188.8811
-52707.9165 6727097.2536
-52698.7957 6726997.9285
-52686.2246 6726898.8221
-52624.2241 6726825.5928
-52549.1839 6726759.4947
-52469.4161 6726699.3190
-52383.0533 6726649.1567
-52303.9249 6726588.4677
-52213.9468 6726605.9429
-52119.3978 6726638.4698
-52023.5536 6726617.0290
-51929.5444 6726582.9942
-51849.9305 6726523.1688
-51894.4810 6726445.1583
-51992.7245 6726426.6986
-52077.2954 6726412.0289
-52001.9369 6726346.3375
-51927.0442 6726280.1369
-51854.0196 6726211.8185
-51792.8324 6726134.0821
-51745.4399 6726046.0761
-51694.8677 6725960.0312
-51625.6115 6725889.8691
-51560.7337 6725815.8564
-51502.5328 6725734.6626
-51437.6007 6725658.7170
-51368.9991 6725585.9687
-51327.4334 6725498.4509
-51317.7288 6725399.5801
-51316.5580 6725299.5870
-51302.2683 6725201.1151
-51277.6773 6725104.2106
-51217.8658 6725109.4708
-51159.7026 6725190.8026
-51103.6000 6725273.5823
-51048.1193 6725356.7802
-50992.6403 6725439.9793
-50950.5689 6725530.6951
-50910.5218 6725622.3260
-50870.6676 6725714.0410
-50840.4789 6725808.5362
-50894.3603 6725892.7787
-50949.0254 6725976.1397
-51039.6015 6726018.3020
-51133.4032 6726052.3541
-51219.0492 6726103.3959
-51288.6236 6726173.6566
-51328.2839 6726265.2832
-51355.9278 6726361.3720
-51372.5025 6726458.6252
-51354.7618 6726557.0319
-51361.8056 6726651.6942
-51374.3671 6726741.6442
-51310.5704 6726806.9384
-51215.9129 6726838.9257
-51138.2360 6726897.5719
-51068.3760 6726969.1231
-51032.1902 6727058.8861
-50977.9177 6727139.9518
-50885.3603 6727163.8839
-50790.7580 6727136.6435
-50729.3342 6727060.9983
-50755.3504 6726969.1665
-50814.2683 6726888.4905
-50841.1724 6726792.3898
-50853.0996 6726693.1055
-50826.2596 6726597.2648
-50781.9929 6726509.6498
-50772.1959 6726410.8603
-50715.9325 6726339.1937
-50620.8441 6726308.2390
-50524.0907 6726289.9673
-50424.8868 6726300.5634
-50326.7693 6726319.8754
-50227.9596 6726330.9210
-50133.2503 6726309.8240
-50093.5230 6726240.8133
-50142.8604 6726157.1986
-50153.4221 6726071.6157
-50122.7903 6725976.4227
-50077.6812 6725888.1895
-49992.4125 6725849.9906
-49894.1787 6725831.2792
-49795.7772 6725813.4810
-49701.8237 6725780.8596
-49634.1803 6725710.5749
-49579.0597 6725627.2056
-49530.1079 6725540.0570
-49482.5768 6725452.0752
-49440.3434 6725499.5714
-49420.4759 6725597.4198
-49390.1266 6725692.6444
-49337.7463 6725769.1105
-49242.3183 6725788.6461
-49143.2443 6725775.1388
-49045.8682 6725753.9691
-48950.4120 6725724.5355
-48853.1201 6725701.4208
-48813.0570 6725708.6127
-48891.7013 6725770.0148
-48981.4748 6725811.6646
-49076.6167 6725842.4544
-49161.5372 6725892.0693
-49211.2196 6725975.2215
-49231.6675 6726072.5202
-49224.6760 6726171.2783
-49193.6508 6726265.8344
-49140.4280 6726349.6143
-49068.4865 6726418.3526
-48992.0481 6726482.8288
-48956.2512 6726571.4622
-48947.5981 6726670.8894
-48997.3098 6726751.6974
-49076.5499 6726812.5790
-49111.2449 6726906.1903
-49137.5402 6727002.6685
-49168.3280 6727097.7461
-49214.6714 6727119.1863
-49256.1823 6727028.2091
-49296.1322 6726936.5627
-49332.5917 6726843.4531
-49374.2966 6726753.0688
-49436.3717 6726676.2630
-49520.8729 6726626.0648
-49616.5400 6726597.0173
-49706.8881 6726557.5173
-49795.2192 6726537.7551
-49890.2022 6726568.7559
-49983.8928 6726603.7141
-50080.6005 6726624.7706
-50170.4648 6726658.2918
-50246.7578 6726722.6896
-50314.5170 6726795.9340
-50353.0420 6726884.3138
-50322.3161 6726969.1946
-50265.4589 6727050.4982
-50253.8990 6727144.2432
-50301.2243 6727229.8195
-50339.6934 6727320.8500
-50366.5903 6727417.1471
-50395.1955 6727512.9504
-50432.4072 6727605.6334
-50472.5708 6727697.2133
-50546.3580 6727758.4041
-50644.3382 6727745.7772
-50692.4794 6727825.9789
-50660.5552 6727920.1446
-50609.9895 6728006.4014
-50554.0231 6728089.0428
-50489.2995 6728165.2704
-50436.0172 6728247.1152
-50425.8490 6728345.8294
-50434.6286 6728445.4419
-50451.0905 6728543.5039
-50476.1751 6728639.7090
-50485.5293 6728739.2706
-50495.7475 6728838.7386
-50510.3670 6728937.5939
-50529.6262 6729035.7133
-50546.9839 6729134.1953
-50575.4094 6729228.4217
-50649.0709 6729283.9373
-50747.4920 6729300.9920
-50847.1057 6729307.6031
-50947.1047 6729308.0498
-51032.7361 6729274.6014
-51105.5899 6729206.2180
-51197.3438 6729190.5513
-51249.2378 6729261.5534
-51274.1530 6729358.2802
-51297.1273 6729455.6052
-51321.6214 6729552.5564
-51390.8211 6729620.3104
-51468.0142 6729683.8671
-51523.2177 6729766.1989
-51542.7716 6729863.1083
-51545.2558 6729962.9602
-51545.5245 6730062.9598
-51553.4450 6730162.5837
-51618.7379 6730234.0746
-51692.9879 6730301.0591
-51785.6085 6730285.5278
-51867.5287 6730228.1772
-51946.8273 6730169.5042
-51944.2488 6730069.5375
-51941.1565 6729969.5854
-51935.4276 6729870.1473
-51885.8997 6729783.2963
-51847.7222 6729691.5378
-51863.7046 6729592.9169
-51893.5149 6729497.4798
-51915.7831 6729400.1600
-51919.1668 6729300.2204
-51919.8233 6729200.2237
-51917.2556 6729100.4086
-51892.3930 6729005.0232
-51819.6118 6728936.4546
-51744.1728 6728870.8371
-51662.9051 6728814.9335
-51565.6971 6728795.9139
-51482.5487 6728740.7512
-51409.8236 6728672.1152
-51336.4063 6728604.2190
-51260.2924 6728540.8155
-51169.5703 6728501.7648
-51115.3470 6728426.4824
-51151.2653 6728352.7880
-51250.3891 6728351.3215
-51349.0910 6728367.3815
-51444.9943 6728362.7494
-51518.9305 6728300.6804
-51584.0292 6728225.3509
-51672.1698 6728205.8813
-51768.5831 6728230.8253
-51860.9476 6728268.8074
-51951.7741 6728310.6470
-51969.4400 6728270.0187
-51917.4696 6728184.5841
-51864.9357 6728099.5565
-51799.4061 6728024.1817
-51718.6187 6727965.2571
-51634.9254 6727910.5389
-51548.0444 6727861.3821
-51453.2488 6727831.1676
-51374.7659 6727769.2063
-51300.4369 6727702.7573
-51257.2362 6727617.0591
-51292.6229 6727526.0187
-51373.4936 6727472.0365
-51471.5262 6727473.3879
-51564.8237 6727509.2291
-51660.1957 6727539.2989
-51752.9657 6727550.2706
-51828.0725 6727486.3527
-51895.1306 6727413.0630
-51980.7910 6727367.4003
-52077.5017 6727370.3623
-52168.1726 6727411.2972
-52253.3695 6727463.6430
-52338.9060 6727515.3936
-52431.0604 6727549.9260
-52524.9548 6727579.9855
-52596.5456 6727644.9339
-52629.3129 6727736.8668
-52635.6669 6727836.5232
-52613.4781 6727931.1741
-52560.8594 6728015.7300
-52501.0238 6728095.8522
-52448.8525 6728180.7422
-52429.4739 6728275.4131
-52500.5172 6728332.0542
-52590.0830 6728376.5286
-52685.1266 6728366.0811
-52771.5563 6728316.6373
-52855.7277 6728262.6487
-52950.6691 6728232.7424
-53049.9672 6728222.1219
-53149.7596 6728215.7341
-53249.6083 6728210.2403
-53349.3285 6728216.6991
-53448.3501 6728230.5220
-53547.3066 6728244.9305
-53645.1569 6728265.4646
-53741.0747 6728293.6564
-53840.7068 6728295.0211
-53938.9918 6728277.0411
-54035.1129 6728249.5421
-54107.2114 6728180.7899
-54178.5073 6728110.6693
-54208.5864 6728015.7343
-54256.5614 6727940.3682
-54356.3794 6727945.4234
-54445.6011 6727925.0319
-54490.3797 6727839.6680
-54528.4301 6727747.8395
-54602.0353 6727687.9654
-54698.8228 6727667.6484
-54798.6422 6727663.8298
-54860.1388 6727732.3187
-54898.2649 6727824.4510
-54916.9036 6727922.3723
-54931.8214 6728021.2534
-54980.7166 6727980.9967
-55045.4934 6727908.8120
-55138.1838 6727880.4295
-55226.7978 6727913.7648
-55267.3358 6728000.2994
-55279.9318 6728099.2036
-55274.9335 6728198.8315
-55242.5966 6728292.6548
-55175.6573 6728364.9963
-55083.8798 6728401.2155
-54984.6051 6728408.0690
-54884.6537 6728405.7557
-54835.7633 6728483.4434
-54801.1665 6728577.2386
-54756.0466 6728665.6884
-54676.4955 6728713.9808
-54599.7685 6728651.2720
-54537.7086 6728585.9103
-54512.1228 6728673.3183
-54414.3056 6728680.4544
-54316.9556 6728657.5928
-54219.8011 6728633.9070
-54127.2527 6728634.7371
-54052.2646 6728699.7269
-53987.2263 6728775.6876
-53908.0454 6728816.0949
-53808.9377 6728803.0981
-53710.3058 6728786.6136
-53611.9200 6728768.7917
-53514.3041 6728747.2057
-53417.1285 6728723.6200
-53319.5136 6728701.9444
-53221.7651 6728680.8676
-53127.8552 6728648.8180
-53059.9189 6728582.6771
-53031.0530 6728488.1033
-52976.4839 6728423.1021
-52880.8227 6728394.0016
-52788.3504 6728405.0217
-52700.7657 6728453.1702
-52616.0731 6728506.2811
-52524.0518 6728539.4555
-52424.6696 6728549.1892
-52324.7639 6728549.3041
-52224.8338 6728545.5709
-52124.9086 6728541.7033
-52025.0707 6728544.0109
-51949.3178 6728596.1297
-51887.6211 6728674.8286
-51911.6402 6728746.1913
-51976.5614 6728822.0856
-52032.0334 6728905.2162
-52068.1032 6728998.2049
-52118.8285 6729084.1742
-52183.9583 6729159.9453
-52251.8106 6729233.4004
-52347.6097 6729214.5608
-52445.3760 6729193.5510
-52544.7309 6729202.8667
-52644.1571 6729213.5640
-52743.7431 6729205.4168
-52840.5373 6729180.4466
-52940.3553 6729175.5186
-53004.1417 6729251.5581
-53056.7775 6729336.5338
-53122.6158 6729387.2455
-53197.2206 6729320.6563
-53273.7565 6729256.6603
-53361.4331 6729210.7180
-53458.5398 6729203.5367
-53531.8678 6729255.8709
-53536.8820 6729355.1775
-53512.9521 6729450.0725
-53448.2614 6729522.3571
-53361.8725 6729572.7253
-53292.1121 6729638.3829
-53254.8069 6729730.9400
-53220.1180 6729824.6388
-53195.8184 6729920.3877
-53189.0715 6730020.1451
-53176.3022 6730119.0683
-53215.1188 6730189.2322
-53312.8198 6730173.0628
-53411.1887 6730155.0772
-53510.6453 6730144.8059
-53610.6030 6730146.3724
-53710.5811 6730148.4618
-53810.3401 6730155.3258
-53907.5721 6730178.4519
-53994.7443 6730227.1580
-54060.6421 6730302.3175
-54128.3808 6730375.8798
-54192.1570 6730434.9678
-54126.6449 6730509.1295
-54036.7161 6730545.6212
-53938.2445 6730535.4463
-53840.2129 6730555.1897
-53743.4050 6730578.7642
-53662.4300 6730631.0174
-53612.2303 6730717.5043
-53559.6898 6730802.4523
-53498.5234 6730881.4828
-53436.6840 6730959.6542
-53408.6346 6731047.8301
-53446.3233 6731140.2342
-53498.7036 6731224.7184
-53577.8855 6731275.3207
-53677.0490 6731280.6961
-53766.2557 6731245.6641
-53854.2219 6731202.5127
-53952.2256 6731196.9539
-54042.1374 6731233.6803
-54106.2562 6731307.6960
-54165.9742 6731387.5438
-54248.0144 6731439.3613
-54324.0245 6731384.2232
-54400.5953 6731319.9258
-54485.9609 6731268.1207
-54576.9642 6731226.8211
-54667.3150 6731183.9770
-54757.5084 6731140.7895
-54809.1710 6731214.1445
-54796.4614 6731313.1470
-54738.1490 6731394.3839
-54677.3343 6731473.7659
-54620.1212 6731554.6865
-54636.5420 6731653.3211
-54645.9406 6731752.8785
-54656.1740 6731852.2339
-54702.7922 6731936.0613
-54766.9147 6731993.5029
-54734.6473 6732081.6309
-54657.2913 6732144.1102
-54572.0632 6732196.4185
-54483.3317 6732241.4920
-54387.2513 6732267.0520
-54287.9696 6732278.8898
-54189.5592 6732294.9924
-54091.9429 6732301.9938
-54023.4767 6732247.9115
-54027.2149 6732153.8019
-54061.7510 6732059.9957
-54055.9889 6731966.0880
-53961.3620 6731941.1669
-53863.7023 6731919.6589
-53766.8645 6731942.5825
-53673.7382 6731978.9816
-53576.3639 6732001.6601
-53478.8114 6732023.6487
-53381.3863 6732046.1952
-53442.4982 6732117.1877
-53528.7028 6732167.7129
-53590.5313 6732239.3373
-53631.0031 6732330.7814
-53681.5534 6732416.4264
-53759.0128 6732474.5633
-53854.1400 6732503.3242
-53949.1198 6732489.0654
-54045.1098 6732462.0934
-54142.7044 6732468.3114
-54238.9594 6732495.1690
-54334.4587 6732524.8313
-54429.9306 6732554.5825
-54525.9659 6732582.4220
-54622.3557 6732609.0487
-54718.7707 6732635.5846
-54788.0027 6732699.2153
-54780.2191 6732790.7489
-54717.4365 6732865.1236
-54651.9433 6732940.3383
-54596.0990 6733023.1749
-54542.1920 6733107.4010
-54559.4595 6733198.0280
-54536.1481 6733290.7091
-54497.7161 6733383.0277
-54459.0567 6733475.2527
-54409.0189 6733561.6151
-54331.5663 6733623.0176
-54240.6872 6733664.0520
-54145.9352 6733695.8919
-54048.8337 6733719.6019
-53951.3966 6733742.0966
-53952.2121 6733826.1987
-54009.2909 6733908.3085
-54076.1369 6733976.4375
-54173.8674 6733995.3962
-54273.5833 6733995.5549
-54362.2863 6733961.9916
-54446.0338 6733919.2927
-54545.5615 6733920.8516
-54642.6788 6733942.2644
-54700.1347 6734006.9813
-54666.6591 6734094.8149
-54611.5992 6734178.2919
-54534.7467 6734238.9479
-54446.0796 6734220.4473
-54350.8858 6734190.2526
-54253.0679 6734169.6151
-54154.5824 6734152.2950
-54055.4590 6734162.9088
-53956.9968 6734147.2723
-53859.3036 6734125.9406
-53760.7926 6734108.7925
-53663.9142 6734084.1847
-53590.6545 6734016.1201
-53510.5383 6733956.2883
-53423.2875 6733907.4282
-53335.9706 6733859.2932
-53240.8847 6733889.3467
-53141.4198 6733897.4600
-53048.4431 6733930.0003
-52971.6348 6733991.5132
-52902.4461 6734043.7512
-52888.7872 6734142.8140
-52897.4182 6734236.6924
-52972.8951 6734295.4200
-53063.9894 6734336.4907
-53155.4426 6734376.7145
-53250.1998 6734408.2996
-53346.3886 6734435.6439
-53444.5635 6734450.9834
-53542.7589 6734466.9996
-53633.1504 6734507.1712
-53656.6978 6734584.5021
-53595.2166 6734653.4527
-53521.4441 6734718.8399
-53478.1188 6734807.2935
-53436.3748 6734897.9242
-53389.5914 6734986.3032
-53342.3912 6735074.4630
-53362.2359 6735161.0517
-53441.5185 6735220.9485
-53476.1794 6735313.4531
-53461.0953 6735411.8394
-53423.5773 6735504.4479
-53382.9203 6735595.8086
-53342.1782 6735687.1326
-53301.5248 6735778.4962
-53261.0861 6735869.9550
-53220.6550 6735961.4171
-53223.0186 6736060.9773
-53196.4805 6736149.0565
-53100.7895 6736175.3630
-53001.7940 6736188.2787
-52904.3453 6736210.6300
-52825.5467 6736258.2848
-52776.0929 6736345.0158
-52706.7163 6736411.0326
-52610.7537 6736433.8835
-52515.5365 6736415.5742
-52428.4400 6736366.6634
-52339.9301 6736321.2423
-52243.3858 6736299.4152
-52152.5310 6736267.3938
-52064.2761 6736221.8910
-51970.9246 6736246.5650
-51877.5124 6736282.2603
-51831.2471 6736366.1828
-51819.8858 6736465.4262
-51808.5523 6736564.7818
-51768.2422 6736656.1539
-51717.4335 6736742.2767
-51674.6283 6736832.6468
-51635.9468 6736924.8616
-51551.2926 6736977.7577
-51506.1946 6737046.6319
-51519.8717 6737141.9649
-51466.5020 6737212.0440
-51374.1141 6737204.0231
-51285.3314 6737158.1435
-51198.0404 6737109.3552
-51126.0575 6737130.8113
-51089.4811 6737222.9799
-51070.8750 6737321.0281
-51142.9381 6737381.5905
-51220.0564 6737445.1589
-51277.2255 6737526.7291
-51309.7064 6737620.9497
-51339.7306 6737716.3360
-51410.6170 6737784.9933
-51476.6437 6737860.0100
-51499.7646 6737956.5179
-51454.8049 6738044.5892
-51360.0338 6738075.6625
-51270.2904 6738119.7550
-51180.5976 6738163.9727
-51133.9065 6738249.1286
-51140.7014 6738348.8655
-51154.5876 6738447.8553
-51174.9840 6738545.7532
-51198.8095 6738642.5149
-51243.4475 6738731.7760
-51306.9555 6738804.5257
-51404.0744 6738818.8712
-51501.9750 6738800.0983
-51587.9022 6738754.7797
-51658.6057 6738684.1100
-51731.7364 6738615.9051
-51784.0644 6738536.6226
-51787.6781 6738437.5899
-51776.5406 6738338.2121
-51766.9992 6738238.6840
-51785.7568 6738145.0887
-51859.9550 6738105.8313
-51944.2599 6738147.3584
-52028.1991 6738193.2945
-52125.8185 6738214.9841
-52220.8685 6738244.9312
-52304.7443 6738297.0734
-52372.5547 6738369.7613
-52420.7278 6738456.4449
-52445.5385 6738552.5372
-52440.9645 6738651.0649
-52381.7095 6738719.6482
-52288.7178 6738755.5862
-52196.1187 6738793.1334
-52106.9907 6738838.3314
-52026.5046 6738897.0974
-51942.3337 6738950.6677
-51850.0497 6738988.4215
-51772.7696 6739049.8411
-51699.6211 6739118.0269
-51631.5251 6739191.1747
-51578.3421 6739275.4535
-51535.9397 6739365.9288
-51495.2625 6739457.2817
-51483.4383 6739555.5538
-51494.3085 6739654.7274
-51508.4562 6739753.7214
-51548.4301 6739844.6715
-51575.9779 6739940.4986
-51593.6261 6740038.8846
-51610.0457 6740137.5274
-51623.6343 6740236.5926
-51600.1655 6740332.6354
-51560.6158 6740424.3794
-51519.4121 6740515.4961
-51481.3951 6740607.9770
-51436.9483 6740697.5028
-51376.1938 6740776.6340
-51409.7781 6740810.2728
-51494.1312 6740828.4525
-51518.9685 6740914.6529
-51503.8912 6741013.4503
-51463.3850 6741102.4724
-51380.2205 6741145.5222
-51281.1223 6741156.3466
-51212.0243 6741098.0246
-51152.4737 6741017.7006
-51090.2339 6740960.6966
-51097.3748 6741060.4205
-51097.5200 6741160.4111
-51093.3026 6741260.3221
-51091.2733 6741360.0552
-51110.4300 6741458.1399
-51117.8125 6741557.8029
-51113.2144 6741657.6030
-51092.9525 6741755.0927
-51046.7159 6741843.7406
-50995.7810 6741929.7966
-50948.0664 6742017.1471
-50921.6987 6742113.0198
-50878.6731 6742198.8021
-50911.5981 6742293.2210
-50950.1831 6742384.9968
-51015.1418 6742459.6678
-51075.4664 6742530.9725
-51095.6916 6742628.8832
-51114.8519 6742727.0065
-51139.1017 6742823.9720
-51167.2464 6742919.9297
-51195.8982 6743015.7347
-51223.1454 6743111.9033
-51245.6180 6743209.3367
-51267.9844 6743306.7818
-51293.5011 6743403.4685
-51319.9690 6743499.9022
-51347.6312 6743595.9866
-51368.1209 6743693.1230
-51370.5373 6743793.0319
-51368.4590 6743893.0103
-51371.0108 6743992.8004
-51382.2254 6744092.1592
-51395.2402 6744191.3086
-51441.3875 6744257.9827
-51520.4422 6744305.1766
-51570.1208 6744391.4113
-51609.5459 6744483.2956
-51645.4433 6744576.6067
-51678.4789 6744670.9878
-51710.6175 6744765.6827
-51747.4093 6744858.5261
-51808.9341 6744933.3290
-51842.9870 6744911.2950
-51839.3591 6744811.4420
-51839.9900 6744711.4498
-51834.7756 6744611.6717
-51811.3611 6744514.9342
-51854.3522 6744437.1462
-51944.6911 6744478.4111
-52035.2437 6744456.2898
-52109.8958 6744389.7537
-52188.0859 6744327.8818
-52272.9787 6744313.8195
-52358.4409 6744365.7272
-52449.0649 6744400.0317
-52546.5307 6744387.3429
-52638.0198 6744347.9693
-52723.7903 6744296.7199
-52807.4304 6744241.9082
-52846.9957 6744164.7742
-52835.3630 6744065.5480
-52827.7491 6743965.9459
-52838.3363 6743867.0169
-52856.5277 6743768.6875
-52867.7429 6743669.4334
-52875.9208 6743569.7683
-52869.5853 6743470.4046
-52848.1325 6743372.8937
-52869.5609 6743279.0877
-52954.0278 6743230.5682
-53037.8801 6743177.1211
-53038.6675 6743077.7076
-53110.3374 6743029.0264
-53204.4052 6743062.6830
-53249.2385 6743038.6371
-53225.6918 6742941.6342
-53218.8471 6742842.5382
-53225.6319 6742742.7686
-53229.9845 6742642.9048
-53218.2322 6742544.7224
-53189.3458 6742448.9854
-53159.4230 6742353.5755
-53127.9820 6742258.6469
-53132.2068 6742166.4469
-53206.7393 6742128.2454
-53287.4070 6742174.2116
-53349.0474 6742252.7259
-53406.7933 6742334.3679
-53464.2467 6742416.2154
-53541.1864 6742474.7875
-53638.1320 6742492.1526
-53737.9474 6742498.2256
-53824.3248 6742459.0829
-53867.8042 6742372.4629
-53940.4983 6742308.1714
-54033.2087 6742331.7504
-54123.9499 6742373.6600
-54193.8783 6742444.2519
-54249.9696 6742526.9046
-54300.8317 6742612.9903
-54331.7730 6742707.8523
-54341.3378 6742807.2191
-54349.1813 6742906.9110
-54412.3926 6742982.2852
-54441.3185 6743065.7945
-54413.8380 6743161.7678
-54371.1215 6743251.5060
-54304.0036 6743323.3365
-54222.3800 6743381.0707
-54139.5645 6743437.1206
-54082.9862 6743512.9032
-54063.6855 6743610.4917
-54035.9867 6743705.3766
-53980.2554 6743787.0709
-53912.8741 6743860.9430
-53844.5153 6743933.9299
-53846.4927 6744015.8565
-53898.7992 6744101.0186
-53982.5946 6744144.0880
-54080.6046 6744163.6343
-54180.1398 6744170.8952
-54271.5975 6744136.7041
-54364.5828 6744144.1056
-54399.6981 6744237.5272
-54408.1762 6744337.0797
-54402.2450 6744436.7808
-54416.1388 6744535.7480
-54420.8819 6744625.6453
-54332.0239 6744651.6036
-54233.1060 6744637.1613
-54133.7716 6744625.6433
-54039.0576 6744640.1781
-53947.0541 6744678.6319
-53851.9742 6744709.6129
-53754.6848 6744728.8566
-53655.3282 6744739.1937
-53560.2329 6744767.2670
-53472.6676 6744814.9208
-53381.3652 6744810.6347
-53286.6057 6744778.6875
-53194.2519 6744740.6186
-53117.1637 6744679.0742
-53044.6200 6744610.2622
-52971.3773 6744542.1777
-52880.5269 6744509.5953
-52802.1727 6744568.3101
-52725.1724 6744632.1142
-52633.3415 6744643.4964
-52557.4069 6744607.0290
-52582.9722 6744695.2161
-52624.2352 6744786.3060
-52670.0337 6744875.1787
-52720.4860 6744961.4998
-52771.5662 6745047.4696
-52810.9142 6745139.2534
-52805.4335 6745237.6936
-52733.2385 6745303.8072
-52636.6866 6745280.9514
-52536.8646 6745275.3766
-52436.9098 6745277.8797
-52351.6442 6745298.5755
-52359.3720 6745398.2765
-52367.1558 6745497.9730
-52375.5066 6745597.6223
-52385.1809 6745697.1532
-52402.1478 6745793.6305
-52470.9963 6745865.1245
-52547.0856 6745927.8365
-52594.6092 6746014.5785
-52614.1160 6746112.0938
-52612.7955 6746211.8471
-52579.9322 6746299.0964
-52491.0618 6746334.3420
-52391.1622 6746338.8221
-52304.4872 6746373.0449
-52278.8849 6746464.6570
-52265.7515 6746563.7376
-52219.9335 6746650.1832
-52130.2816 6746644.3689
-52085.7189 6746557.9389
-52065.2504 6746460.0806
-52000.8132 6746417.9118
-51905.1102 6746441.0541
-51843.8829 6746458.1072
-51937.1090 6746488.2399
-51996.2584 6746563.4424
-52001.8230 6746662.4669
-51986.3045 6746761.2414
-51968.2197 6746859.5925
-51958.1918 6746958.2876
-51971.3974 6747057.2631
-51992.6588 6747154.9768
-52004.4804 6747253.2539
-51992.8346 6747352.5221
-51989.6199 6747450.6138
-52018.8691 6747546.1113
-51956.9483 6747603.8522
-51858.9601 6747615.2159
-51759.0724 6747611.8735
-51659.5437 6747602.3867
-51569.7292 6747560.6544
-51516.5058 6747477.4756
-51500.3052 6747379.2974
-51505.5298 6747279.5353
-51511.8289 6747179.7338
-51478.6207 6747085.8939
-51425.2282 6747001.3672
-51371.6361 6746916.9404
-51345.3214 6747010.9933
-51333.0819 6747110.2388
-51338.5570 6747207.3965
-51375.1874 6747300.4460
-51411.4481 6747393.6387
-51443.6768 6747488.1795
-51468.8454 6747584.9540
-51492.5512 6747682.1036
-51516.7742 6747779.1227
-51547.8417 6747873.7938
-51590.7195 6747964.1239
-51654.4462 6748031.2585
-51749.7892 6748061.4198
-51846.7482 6748076.9706
-51941.5526 6748051.6064
-52031.9101 6748008.9174
-52123.8623 6748005.5407
-52188.4141 6748073.1443
-52215.1786 6748168.5132
-52208.9833 6748266.5847
-52163.3104 6748352.8143
-52093.1283 6748423.4778
-52015.3802 6748486.3006
-51924.4282 6748520.4863
-51824.9919 6748524.4744
-51725.1201 6748519.5229
-51625.2247 6748519.6905
-51571.4140 6748585.9359
-51552.1260 6748683.5969
-51550.5098 6748783.3365
-51512.1074 6748872.6422
-51446.8265 6748947.8190
-51377.7003 6749020.0794
-51437.2386 6749013.8318
-51528.2549 6748972.4794
-51594.0760 6749000.2536
-51586.8754 6749090.7296
-51529.9942 6749171.8752
-51462.7916 6749245.9225
-51392.5878 6749317.0768
-51385.5677 6749323.8457
