COAST
1
34 1
-53034.3381 6711837.4761
-53099.6846 6711761.7804
-53165.0311 6711686.0847
-53240.0337 6711619.9541
-53323.2161 6711564.4504
-53407.5366 6711510.6951
-53495.6370 6711463.5626
-53592.5817 6711461.1707
-53638.5106 6711548.0193
-53657.2579 6711645.8382
-53693.8036 6711738.8473
-53736.4457 6711829.2998
-53790.4656 6711908.4244
-53883.3864 6711943.2726
-53981.7286 6711961.4059
-54080.6107 6711974.1695
-54169.1017 6712000.3928
-54214.9449 6712084.4633
-54199.6255 6712177.0330
-54139.3522 6712256.8273
-54071.9922 6712329.4749
-53993.8919 6712340.3290
-53918.9834 6712274.0822
-53836.3893 6712218.2719
-53745.3330 6712177.6783
-53648.7936 6712152.4905
-53560.7968 6712107.2526
-53482.9952 6712044.7772
-53403.7408 6711983.8787
-53310.7494 6711950.4498
-53214.3853 6711923.7317
-53120.2153 6711890.2848
-53035.4094 6711838.2112
-53034.3381 6711837.4761
