COAST
1
43 1
-52061.7474 6713003.1892
-52126.3171 6712927.7301
-52210.4927 6712875.9644
-52270.1530 6712795.7108
-52326.3385 6712713.5592
-52369.4114 6712625.0879
-52452.1027 6712574.5276
-52548.4092 6712547.6008
-52638.5367 6712507.4205
-52723.2458 6712454.4636
-52816.3127 6712430.8615
-52913.1596 6712450.8440
-52999.2660 6712499.1877
-53076.6730 6712562.4862
-53161.9616 6712578.6020
-53254.9897 6712542.0478
-53346.1496 6712500.9815
-53441.1082 6712488.2629
-53535.0505 6712519.4939
-53617.8364 6712574.2953
-53638.7640 6712659.7251
-53614.3279 6712756.4188
-53584.7623 6712851.9477
-53547.1222 6712944.4327
-53503.7746 6713034.5328
-53459.3946 6713124.1454
-53417.6442 6713214.9932
-53378.2498 6713306.9025
-53295.0772 6713349.7076
-53196.6081 6713343.6324
-53097.7665 6713328.4714
-52998.9723 6713312.9891
-52900.7291 6713294.3859
-52806.1166 6713262.5766
-52710.5906 6713233.0984
-52611.2607 6713233.7304
-52511.3933 6713238.8794
-52411.6327 6713233.3835
-52315.3132 6713207.5035
-52228.9684 6713157.8101
-52166.6917 6713080.4763
-52088.6238 6713018.5785
-52061.7474 6713003.1892
