COAST
1
31 1
-51731.0231 6714075.1936
-51789.4100 6713997.0130
-51888.5135 6713986.2635
-51987.7707 6713998.1595
-52087.6704 6714002.6364
-52185.1527 6713999.9417
-52257.1500 6713931.9028
-52297.2352 6713842.0101
-52307.7506 6713742.6852
-52327.4071 6713644.6361
-52351.6641 6713548.0502
-52405.7569 6713471.4306
-52487.3845 6713476.4559
-52542.6863 6713559.7361
-52584.2072 6713647.0401
-52585.7014 6713746.7214
-52576.0293 6713846.2525
-52588.8242 6713939.7222
-52648.4326 6714019.9885
-52681.4915 6714105.1790
-52621.4952 6714159.8762
-52522.7836 6714175.2045
-52424.0711 6714190.4917
-52324.6409 6714190.2470
-52224.9792 6714187.4588
-52125.0916 6714192.1992
-52026.3671 6714205.6328
-51928.1649 6714207.8914
-51837.2107 6714171.6384
-51761.4672 6714107.5012
-51731.0231 6714075.1936
