COAST
1
42 1
-56038.8332 6731386.3486
-55996.3931 6731295.8011
-55953.9530 6731205.2537
-55934.1700 6731107.2727
-55933.2443 6731007.2770
-55932.7270 6730907.3145
-55950.0827 6730808.8474
-55976.8004 6730712.4826
-56001.9195 6730616.0935
-55979.6867 6730518.9224
-55999.0100 6730420.8101
-56023.8064 6730324.4263
-56092.9459 6730252.8253
-56184.8570 6730213.9400
-56283.0189 6730195.8415
-56374.9472 6730156.4888
-56465.8199 6730114.7498
-56556.1583 6730080.1953
-56629.7135 6730141.1861
-56633.3954 6730239.5826
-56598.9013 6730333.4426
-56571.4216 6730428.9078
-56566.4242 6730528.7828
-56571.0885 6730626.7102
-56627.7039 6730705.2251
-56716.2414 6730736.8301
-56812.1851 6730711.2953
-56907.1582 6730694.9254
-56944.2148 6730770.6909
-56936.9424 6730869.6778
-56910.8926 6730965.9726
-56869.7677 6731056.8657
-56824.9863 6731146.2784
-56755.6350 6731216.0180
-56677.2519 6731278.1097
-56596.6672 6731337.2948
-56507.2050 6731380.9653
-56414.9301 6731419.5043
-56319.6245 6731449.3577
-56221.3865 6731443.1360
-56125.6351 6731415.0880
-56038.8332 6731386.3486
